184.1668233	-1.2446987	-20.779217	4.155671	19.863	18.541	17.708	1	285.10907	60.41827	82.60684	0.02223
184.8837906	-1.241179	-8.77925	11.126744	19.948	18.628	18.378	1	286.5126	60.609524	81.981865	0.027413
184.7061731	-1.2370147	2.445246	6.525873	16.682	16.537	15.23	1	286.1607	60.568405	82.13912	0.028779
185.9370601	-1.236809	-4.659079	11.89441	19.197	17.731	16.712	1	288.60388	60.862316	81.063736	0.025367
185.3557073	-1.2344662	5.969551	1.441022	19.649	18.539	17.72	1	287.44318	60.73148	81.572754	0.032906
185.0518426	-1.2272498	3.01575	3.256698	19.639	17.955	17.15	1	286.83734	60.664883	81.841774	0.028844
184.6261006	-1.2261652	-4.614037	15.045245	18.828	18.276	17.622	1	285.99765	60.558224	82.21438	0.028053
185.7575685	-1.2238877	7.174207	-5.318644	19.925	18.61	18.407	1	288.23883	60.83489	81.226814	0.024195
184.5483966	-1.2217099	-22.118282	-31.823683	19.036	18.667	17.527	1	285.8427	60.542294	82.284454	0.02766
184.8589672	-1.2206986	3.156459	-2.665395	19.874	18.471	17.924	1	286.45312	60.62309	82.01351	0.027756
185.6441927	-1.2199784	-7.41456	4.362324	19.821	18.412	17.623	1	288.0106	60.81291	81.32775	0.026859
184.3172803	-1.2153386	-4.768274	45.599705	19.742	18.589	18.01	1	285.38663	60.48721	82.48956	0.024157
184.9596966	-1.2128892	15.295774	-5.881166	19.099	18.205	17.382	1	286.64795	60.65593	81.929276	0.028624
185.8572717	-1.2088963	-1.657771	1.222889	18.482	17.314	16.042	1	288.4314	60.87186	81.14701	0.025378
185.0915675	-1.2071155	-5.415609	-7.762314	19.777	18.647	17.848	1	286.90582	60.69418	81.81684	0.030969
184.3419061	-1.2065065	-0.901292	0.831909	18.338	17.597	16.439	1	285.42996	60.50232	82.47232	0.024901
185.5143101	-1.2033414	5.821901	-0.945952	18.956	17.93	17.268	1	287.7437	60.79907	81.44931	0.029258
184.5609169	-1.200169	10.186823	-0.710792	19.266	18.18	17.78	1	285.85583	60.56636	82.283966	0.027779
184.9442623	-1.1999512	-2.808001	6.31384	17.533	16.967	15.56	1	286.61084	60.6646	81.94905	0.028888
184.1729225	-1.1969277	15.353309	-4.623171	18.731	18.184	17.172	1	285.09454	60.465893	82.62469	0.022199
185.5421082	-1.1956661	11.163751	2.698083	19.257	17.613	16.401	1	287.79547	60.813004	81.42876	0.028624
184.3881294	-1.1930523	4.786329	-1.00845	18.394	18.077	17.35	1	285.51315	60.527626	82.43845	0.025511
185.731425	-1.1907266	1.065929	-5.286098	19.657	17.926	17.297	1	288.17117	60.861275	81.26578	0.024234
185.4517276	-1.1877707	-4.910891	-6.428441	19.817	18.928	18.8	1	287.61154	60.799553	81.51156	0.029662
185.6643677	-1.1870998	1.784681	2.921083	19.331	18.227	17.434	1	288.03543	60.84953	81.32612	0.026236
184.2989972	-1.1867772	-9.577984	-0.546176	19.651	18.804	17.83	1	285.3353	60.509808	82.51941	0.023749
185.011107	-1.1844728	3.541414	-9.017176	19.683	18.06	17.294	1	286.73514	60.696247	81.898155	0.030391
184.0431441	-1.1819352	-0.376891	2.156697	18.434	17.748	16.804	1	284.8332	60.44468	82.745415	0.020955
185.4862655	-1.1816968	-4.001305	9.193127	19.873	18.291	17.747	1	287.67746	60.81356	81.48434	0.029653
185.1119797	-1.1797522	-0.303628	-3.431345	18.691	17.586	16.526	1	286.93253	60.725716	81.8123	0.033067
184.0479501	-1.1796565	-2.827158	-2.013256	18.863	17.54	16.593	1	284.84128	60.448196	82.74232	0.02107
184.2122142	-1.1759334	-6.122884	7.417977	19.322	17.934	17.009	1	285.15967	60.496788	82.60053	0.022346
184.4895928	-1.1736949	-5.6115	11.870651	19.798	19.443	18.904	1	285.70166	60.57318	82.35916	0.026995
185.312198	-1.1700216	-10.454844	-2.634747	17.614	15.334	15.628	1	287.32523	60.783684	81.64209	0.032642
185.6425323	-1.1698331	3.645037	1.549147	18.046	17.562	16.823	1	287.98367	60.861332	81.35359	0.026281
184.9732425	-1.165497	-11.179656	7.121353	19.723	18.7	18.188	1	286.65057	60.705204	81.94046	0.030497
185.0888585	-1.163357	7.261901	0.91406	19.668	18.218	17.459	1	286.87845	60.735928	81.84048	0.033233
184.9948104	-1.1633484	8.842036	-13.591237	19.933	18.441	17.563	1	286.69217	60.712658	81.92266	0.030992
184.6698436	-1.1599691	2.415666	13.135581	19.495	18.132	17.008	1	286.04877	60.633488	82.20829	0.02644
184.0671017	-1.1586948	-18.74926	29.60718	19.804	19.226	19.176	1	284.86685	60.473633	82.73575	0.021397
184.6846437	-1.1570293	-0.109521	0.013902	19.92	18.379	17.567	1	286.0764	60.64015	82.196785	0.026491
184.0662371	-1.1534288	-0.138777	6.137024	19.303	17.951	17.387	1	284.8622	60.478455	82.73906	0.021338
185.7598099	-1.1524106	-21.566696	-18.174934	19.655	18.828	19.454	1	288.21014	60.90502	81.25962	0.02351
184.1661999	-1.1509983	0.882387	5.523358	19.582	18.489	17.679	1	285.05597	60.508244	82.652855	0.022196
185.5014437	-1.149818	-7.826446	-0.8586	19.208	17.469	17.303	1	287.6924	60.848106	81.48658	0.029511
185.7482516	-1.1450613	7.631043	-11.069254	18.972	17.709	17.193	1	288.18356	60.909565	81.27329	0.023648
185.8359456	-1.1407916	5.490817	0.682324	19.179	18.009	17.216	1	288.35736	60.93348	81.19878	0.024476
184.1494805	-1.1406197	-30.343468	-10.715968	19.795	19.922	18.474	1	285.01755	60.513653	82.67251	0.022002
185.6866162	-1.1370319	0.140044	-0.055662	17.776	16.99	15.638	1	288.0564	60.90336	81.33104	0.024821
185.0832911	-1.135961	-5.573327	-6.564156	19.623	18.046	17.392	1	286.8536	60.76111	81.85865	0.034109
184.7967148	-1.1334641	10.988406	-4.372438	19.556	18.015	17.059	1	286.2851	60.691673	82.11028	0.028763
185.9581077	-1.1303048	-1.812537	6.674003	19.206	18.201	17.509	1	288.5978	60.97084	81.09718	0.02488
184.6910809	-1.1299736	5.953571	-10.462911	19.365	18.651	17.94	1	286.0748	60.66795	82.2043	0.026449
185.2187503	-1.1295743	0.762636	-6.633229	19.032	17.979	16.829	1	287.11942	60.80042	81.7434	0.034653
184.606188	-1.1283567	10.914651	-12.272858	19.399	18.727	18.241	1	285.90668	60.647495	82.279274	0.026724
185.2697207	-1.1278176	1.721383	5.784537	19.879	18.288	17.779	1	287.21994	60.81445	81.69972	0.033427
184.1633638	-1.1243649	1.560379	-5.057316	18.979	17.958	17.067	1	285.03564	60.53309	82.66826	0.021946
184.8216826	-1.1241128	-3.250105	0.715366	19.461	18.276	17.444	1	286.32956	60.707073	82.09301	0.029936
184.8309742	-1.1227669	-3.452608	2.65102	18.452	17.473	16.394	1	286.34723	60.710735	82.08555	0.030268
184.240088	-1.1183586	21.118584	-14.700122	19.888	18.863	17.594	1	285.1824	60.559765	82.60411	0.022662
185.2136676	-1.1183626	6.447854	3.191088	19.107	17.616	16.7	1	287.10373	60.810062	81.753296	0.03449
185.06328	-1.1179627	-19.598248	-8.447695	19.963	18.879	18.066	1	286.8048	60.77361	81.88489	0.034271
184.6015178	-1.1168575	3.023275	2.883025	19.463	18.565	17.982	1	285.89136	60.65738	82.28894	0.027014
184.5556566	-1.115338	-3.432268	2.771888	19.528	17.938	16.938	1	285.80026	60.646854	82.32976	0.028002
184.1750739	-1.1152354	-31.3149	26.232115	19.812	19.4	18.721	1	285.05347	60.54507	82.66246	0.021856
185.3010809	-1.115134	3.838652	1.054256	18.43	17.643	16.825	1	287.2761	60.834305	81.67849	0.032148
184.7512632	-1.1149358	0.496761	-0.943964	18.35	17.541	16.755	1	286.18567	60.697964	82.159004	0.027814
185.0121383	-1.1114069	-4.922663	4.733964	19.096	18.048	17.407	1	286.70004	60.767277	81.93276	0.033398
185.7078317	-1.1100364	2.043723	-6.325671	18.464	17.938	17.348	1	288.0862	60.934483	81.325645	0.023855
185.043635	-1.1067115	1.644116	19.188856	19.32	17.796	17.045	1	286.76013	60.779648	81.90752	0.034083
185.1020251	-1.1057364	-5.029944	-3.212947	18.918	18.231	17.505	1	286.87555	60.795017	81.85697	0.034015
184.7515818	-1.1041636	7.431379	-2.113981	18.692	17.585	16.529	1	286.18063	60.708458	82.16396	0.028196
185.2106046	-1.1032898	-1.89923	4.045895	17.982	17.106	15.802	1	287.09015	60.82394	81.7633	0.034122
184.277269	-1.0985675	-0.733009	-0.058127	18.993	18.38	17.457	1	285.24432	60.588886	82.58122	0.023261
184.9824259	-1.0981687	4.845376	-5.440268	19.025	17.875	16.993	1	286.63437	60.77269	81.96516	0.033205
184.5543548	-1.097079	-1.828972	-3.416606	19.916	18.398	17.32	1	285.7879	60.66413	82.33977	0.028783
184.5666127	-1.0964647	0.883464	-4.017194	18.163	17.02	15.758	1	285.81174	60.66794	82.32935	0.028601
185.0802149	-1.0952449	8.206096	-7.117411	18.759	17.573	16.709	1	286.82693	60.799805	81.881134	0.033916
184.7964128	-1.0937673	2.082521	3.551939	18.379	17.177	15.956	1	286.2638	60.72998	82.12984	0.030279
184.6348342	-1.0930522	-12.685325	3.552454	19.619	18.671	17.724	1	285.94437	60.689037	82.271385	0.027047
184.9700586	-1.0921171	18.045717	0.435136	19.941	18.779	18.959	1	286.60675	60.77546	81.978905	0.033028
185.0524488	-1.0921068	3.984716	-3.674184	18.82	17.723	16.928	1	286.7702	60.79598	81.90691	0.033768
184.5830376	-1.0917785	-7.486347	5.875549	19.635	18.515	17.896	1	285.84158	60.67676	82.317276	0.028219
185.0451527	-1.0912497	3.006635	4.832879	19.512	18.651	17.86	1	286.75528	60.795002	81.91371	0.033764
184.3151879	-1.0909798	-53.272915	-12.99101	18.994	17.267	14.902	1	285.3145	60.606426	82.55176	0.023691
184.1461539	-1.0892243	-7.037583	-8.558516	19.276	17.827	16.874	1	284.98242	60.56217	82.70036	0.021501
184.9628811	-1.0891166	1.175392	10.10137	19.195	17.975	16.967	1	286.59097	60.77657	81.98663	0.032922
184.829268	-1.0880801	-4.676246	-4.569209	19.061	18.164	17.454	1	286.3258	60.74385	82.10389	0.031708
185.6830679	-1.0870127	-6.674843	6.368692	19.885	17.943	17.53	1	288.02576	60.95124	81.358475	0.024096
184.3798198	-1.0843708	-1.067586	-6.622366	19.542	18.028	17.236	1	285.43777	60.630146	82.49848	0.024947
184.3834008	-1.0829263	-2.531293	-1.56184	18.326	17.497	16.45	1	285.44403	60.632492	82.49605	0.025028
184.153097	-1.082358	0.114935	-4.058036	17.612	17.509	16.762	1	284.99216	60.570675	82.697624	0.021445
184.8468469	-1.0788698	-6.636983	0.961628	18.593	17.388	16.266	1	286.3558	60.757225	82.093	0.032514
185.5309407	-1.0750613	2.738458	-4.369054	18.659	17.859	16.978	1	287.71542	60.927685	81.49718	0.0279
185.0075575	-1.0725564	0.480397	7.128521	19.454	18.228	17.331	1	286.67114	60.803764	81.95564	0.03353
184.399423	-1.0678667	-20.366194	-0.386308	19.826	18.878	18.707	1	285.4673	60.651287	82.489365	0.025386
184.3706926	-1.0664274	5.242646	-1.01241	18.426	17.659	16.71	1	285.41003	60.64499	82.51517	0.024859
185.6827064	-1.0618673	1.45391	16.808634	19.41	18.772	18.411	1	288.01315	60.975636	81.371025	0.023751
184.9191003	-1.0600309	-7.402665	-0.532326	19.226	18.239	17.218	1	286.4892	60.793724	82.039024	0.032967
184.7070996	-1.0590896	-7.682473	-16.08701	19.307	18.116	16.897	1	286.06903	60.740566	82.22473	0.029786
184.7741242	-1.0580708	-1.651721	-0.658596	19.364	18.871	18.682	1	286.20102	60.75879	82.16666	0.031129
185.534991	-1.0559383	6.499815	-5.37182	19.919	18.686	18.051	1	287.71432	60.947224	81.50294	0.027777
185.047621	-1.0548491	7.963141	-2.215701	18.531	17.594	16.713	1	286.74167	60.830875	81.929245	0.032864
185.2707801	-1.0488732	-6.0168	-7.212083	18.997	17.736	16.758	1	287.18292	60.891315	81.73718	0.031734
184.5671146	-1.0456451	0.548604	-1.082397	19.779	18.931	18.091	1	285.7855	60.71711	82.3536	0.030165
185.2526706	-1.0432307	-3.358082	-2.967778	19.5	17.626	17.037	1	287.144	60.89241	81.755745	0.032329
184.0922368	-1.0419948	-0.287743	0.137782	19	17.612	16.548	1	284.85043	60.592735	82.770424	0.020782
184.6779315	-1.0419954	3.84842	-1.64181	19.625	18.227	17.387	1	286.00235	60.749535	82.25853	0.02969
184.5903377	-1.0395614	2.458921	-9.559096	19.835	19.125	18.195	1	285.82806	60.72907	82.33626	0.029745
184.2153804	-1.0366537	-1.510137	-0.072482	18.318	17.236	16.147	1	285.0887	60.631668	82.665375	0.021168
184.6817136	-1.0348838	2.962526	0.269048	19.287	17.545	16.975	1	286.00604	60.75738	82.25868	0.030112
184.1355267	-1.0343802	1.526095	-1.523264	19.043	18.257	17.591	1	284.93094	60.611984	82.736275	0.021028
185.4103761	-1.0340771	-3.397707	-2.529826	19.618	17.855	16.913	1	287.4544	60.939117	81.62243	0.027456
185.183883	-1.0337883	0.343106	-1.129402	19.448	17.986	16.995	1	287.00217	60.88484	81.820435	0.032574
184.7049734	-1.033668	0.217277	-5.630233	19.711	18.255	17.28	1	286.0514	60.764576	82.238945	0.030977
185.3829721	-1.0337499	-7.163838	-12.702054	18.746	16.662	16.029	1	287.39944	60.932915	81.64653	0.027788
184.7868124	-1.0334365	5.1873	0.590738	17.724	17.125	15.878	1	286.21323	60.78585	82.16754	0.032647
184.5651997	-1.0322081	-1.892249	0.191231	19.832	18.584	17.632	1	285.7745	60.729576	82.3618	0.030412
184.0725403	-1.0292356	2.080556	5.705414	19.324	17.755	16.999	1	284.80472	60.59955	82.79383	0.020372
184.6763123	-1.0285979	1.922947	5.829253	19.213	17.921	16.869	1	285.99203	60.76205	82.26646	0.03029
184.7102727	-1.0270578	-0.954815	-4.410581	19.078	17.788	16.65	1	286.05838	60.77233	82.237526	0.03149
184.662347	-1.0261823	-2.623043	-4.574759	18.951	18.081	17.361	1	285.96313	60.76076	82.27983	0.030236
185.3956728	-1.0246714	12.344201	-0.093898	19.629	18.115	17.294	1	287.4204	60.94476	81.63985	0.027468
184.6194371	-1.0239145	11.009295	11.195315	19.418	18.692	18.137	1	285.87714	60.751778	82.318436	0.029873
185.2279394	-1.0235742	-8.917109	-9.958774	19.275	18.662	18.268	1	287.08487	60.90548	81.78691	0.032192
185.6936814	-1.023266	-3.673962	-11.000516	19.836	18.366	17.984	1	288.01694	61.015724	81.380226	0.023012
184.3072553	-1.0224695	5.760624	-3.62675	19.943	19.025	18.215	1	285.26126	60.670258	82.591965	0.023169
185.6113496	-1.0208578	4.871358	-2.684231	17.885	17.336	16.263	1	287.85052	60.999104	81.453316	0.026236
184.6996317	-1.0199308	8.554717	-21.074202	19.802	18.51	17.429	1	286.03354	60.776463	82.25029	0.031499
184.3358871	-1.0180469	-3.754326	-4.356985	18.69	18.064	16.86	1	285.3151	60.68224	82.569084	0.024033
184.7832274	-1.0177925	11.876211	2.045092	19.711	18.359	17.825	1	286.1979	60.800053	82.178276	0.033109
184.5777252	-1.017592	-3.088666	-4.25682	18.904	17.562	16.519	1	285.79138	60.746964	82.357956	0.030354
185.5932316	-1.0137314	1.665994	-7.76767	18.452	17.642	16.688	1	287.81076	61.001835	81.4726	0.026903
184.7774222	-1.0120732	9.400351	3.513947	19.688	18.52	17.292	1	286.1834	60.804092	82.186134	0.03325
184.9831507	-1.0105274	-12.419806	-16.342102	18.859	18.446	17.67	1	286.59085	60.857727	82.007126	0.031695
185.6153357	-1.0097556	-0.487672	1.604378	19.417	18.036	17.218	1	287.8532	61.010826	81.45523	0.025977
184.7974791	-1.0096708	-4.453925	-11.318788	19.085	17.597	16.514	1	286.2219	60.811554	82.16978	0.033358
185.3930086	-1.0094164	-9.55787	-2.507811	18.228	18.012	17.874	1	287.4076	60.95894	81.6496	0.027323
185.4031654	-1.0091305	-24.847992	18.957573	19.919	19.1	19.453	1	287.42776	60.961636	81.64087	0.027167
184.4414712	-1.0087157	-0.50194	-1.922105	18.471	17.746	16.977	1	285.51782	60.71951	82.481346	0.026931
184.1042082	-1.0064743	9.80715	16.973476	19.84	18.834	18.394	1	284.85388	60.630177	82.7772	0.020427
185.4419203	-1.0046248	-7.014347	5.73786	19.88	18.054	17.132	1	287.5031	60.97521	81.60921	0.026876
185.7201188	-1.0007281	-22.686037	-11.249205	19.923	18.865	18.042	1	288.05942	61.04371	81.36811	0.02199
184.7655339	-0.999581	12.57372	-0.538835	19.1	18.27	17.262	1	286.15326	60.813114	82.20259	0.033454
184.709388	-0.9985526	1.531176	3.868841	18.276	17.606	16.404	1	286.04153	60.799637	82.25215	0.033087
185.7018409	-0.9876125	-29.922226	-12.360438	18.646	16.44	16.958	1	288.01648	61.052296	81.39046	0.022363
185.0287616	-0.9870304	-6.544607	-0.348981	19.763	18.261	17.371	1	286.66953	60.891872	81.9787	0.030109
184.7221707	-0.9861732	-10.822112	15.805507	19.651	18.269	17.753	1	286.06027	60.8149	82.247	0.033665
185.41645	-0.9819975	9.639136	-21.69214	19.321	18.326	17.291	1	287.44107	60.99115	81.64246	0.026894
185.6636017	-0.9805972	5.738466	-2.504309	17.887	16.873	15.478	1	287.93628	61.050343	81.42727	0.023617
184.633003	-0.9804872	5.813801	0.911671	19.208	17.85	16.975	1	285.88074	60.79724	82.32768	0.031556
185.8074656	-0.9792015	-0.146651	4.595962	19.809	18.582	17.767	1	288.2251	61.08452	81.30231	0.020773
184.6994409	-0.9789706	0.054988	13.049577	19.689	18.785	18.489	1	286.01144	60.81598	82.27036	0.033692
185.2003865	-0.9759568	7.59382	0.515574	19.636	17.722	17.467	1	287.006	60.94495	81.834145	0.031232
184.0659988	-0.9741818	-14.904711	-3.833291	19.723	18.204	17.153	1	284.76077	60.65063	82.82628	0.020061
185.1580042	-0.9728354	6.79718	6.883756	19.232	18.333	17.539	1	286.91986	60.9376	81.87269	0.03101
185.4125327	-0.9657553	3.075251	-10.832667	19.791	18.602	18.447	1	287.42523	61.005993	81.653786	0.026948
184.5058493	-0.9644261	-8.385627	-2.023257	19.63	18.357	17.471	1	285.62076	60.77931	82.4466	0.03005
185.3725861	-0.9584192	11.711991	2.0802	19.581	18.02	17.141	1	287.3416	61.003586	81.69225	0.027338
184.175165	-0.9569226	-0.244574	7.225223	19.687	18.737	17.941	1	284.96524	60.697353	82.73925	0.021067
184.3225905	-0.9545987	2.062678	0.063097	19.373	17.988	16.982	1	285.25394	60.739746	82.61153	0.02426
184.6194932	-0.9543701	-9.227215	-2.563254	19.588	18.544	17.641	1	285.84003	60.81892	82.35218	0.031834
185.9081366	-0.9511701	-15.387984	5.325348	19.602	18.787	18.72	1	288.4151	61.134438	81.22804	0.022005
185.1700444	-0.9509558	1.68858	-30.828333	18.935	17.925	17.33	1	286.93283	60.96176	81.87281	0.030554
184.736741	-0.9482589	1.315517	14.540783	19.852	18.68	17.903	1	286.06906	60.85529	82.25269	0.034156
184.1624184	-0.9460966	-5.84935	-3.645546	19.378	18.278	17.316	1	284.9341	60.704258	82.755646	0.020632
184.711748	-0.945511	-4.998764	10.925649	19.651	18.417	17.613	1	286.01804	60.851482	82.27587	0.034363
185.6786131	-0.9431269	14.89508	-1.204642	19.908	18.391	17.427	1	287.94864	61.09026	81.4324	0.022822
184.9243784	-0.9387071	14.73438	-9.459461	19.784	18.112	17.46	1	286.43683	60.912453	82.09339	0.031575
185.3749106	-0.9381313	9.125734	-2.431534	18.911	17.625	16.497	1	287.33624	61.02384	81.700096	0.027422
184.3243426	-0.9380436	30.331833	-7.695274	19.401	19.143	18.764	1	285.24823	60.756157	82.61804	0.024438
184.0260751	-0.9355937	-12.353524	0.33478	19.97	18.912	17.944	1	284.6606	60.676582	82.87991	0.020806
184.4695158	-0.9356258	1.920151	-1.719672	19.057	17.864	16.798	1	285.53333	60.79743	82.49235	0.028245
184.9373834	-0.935337	-6.399254	4.87403	19.884	18.467	17.297	1	286.46097	60.919	82.08367	0.031366
185.6593388	-0.9341848	10.508378	1.717481	19.831	18.41	17.49	1	287.90558	61.09452	81.45359	0.023283
184.6872226	-0.9335476	3.091059	0.136586	19.088	18.134	17.399	1	285.96304	60.856678	82.303116	0.034152
184.3249986	-0.9317726	10.082014	-2.385788	18.57	18.129	17.485	1	285.24603	60.762375	82.620514	0.024467
185.8985631	-0.9312466	-6.307853	0.462253	17.929	15.706	16.175	1	288.38654	61.15172	81.24611	0.021713
184.4635845	-0.9307046	11.361876	-8.457232	19.582	18.473	17.83	1	285.51892	60.800594	82.49992	0.027983
185.287456	-0.9293444	10.112028	13.107936	19.976	18.757	18.116	1	287.15674	61.01133	81.78076	0.028265
184.602407	-0.9290763	-2.321725	0.038406	17.677	16.942	15.773	1	285.7926	60.838856	82.3794	0.031504
184.6845675	-0.928375	2.353372	-2.551488	17.927	17.09	16.063	1	285.95502	60.86098	82.30795	0.034172
184.5255522	-0.9280982	7.903197	0.070198	19.052	18.05	17.16	1	285.63998	60.819553	82.44704	0.030901
185.6653114	-0.9275098	-5.990007	18.397057	19.434	17.646	16.553	1	287.9144	61.102394	81.45162	0.023027
184.4310325	-0.9244193	-1.219954	-6.503922	19.515	18.243	17.348	1	285.45117	60.797962	82.53142	0.026299
184.1891784	-0.9237397	-10.66804	-0.275023	19.3	17.58	17.066	1	284.97418	60.733105	82.74312	0.021396
184.3850532	-0.9231616	-6.276893	-14.035723	19.744	18.644	18.129	1	285.3597	60.786854	82.57221	0.024844
184.0318087	-0.9226517	1.591047	-0.066932	19.931	17.98	17.336	1	284.66446	60.69061	82.88119	0.020914
184.1092491	-0.9221796	-11.271148	10.353571	19.573	18.789	18.021	1	284.8162	60.71258	82.813736	0.019792
184.2068261	-0.9207271	13.836926	4.630069	18.522	17.449	16.322	1	285.0072	60.74084	82.72916	0.022007
184.2698537	-0.9188432	2.105377	-4.203144	19.098	17.595	16.484	1	285.13022	60.75986	82.67499	0.024069
184.6197992	-0.9187521	6.376645	-2.02221	19.057	17.974	16.899	1	285.8215	60.853374	82.369225	0.032238
184.0469497	-0.9164019	-9.21077	0.613669	19.623	17.936	17.242	1	284.6906	60.700832	82.87099	0.020759
184.5143188	-0.9130535	6.894548	-8.818585	16.598	16.288	15.086	1	285.6096	60.83109	82.464165	0.030875
184.4329296	-0.9090778	-27.86167	-15.979907	19.269	16.863	15.686	1	285.4465	60.813255	82.53722	0.026624
185.0019345	-0.908267	2.273504	-7.611548	19.986	18.568	18.06	1	286.57556	60.961433	82.04044	0.029985
185.1686956	-0.907988	13.309674	-2.736574	19.816	18.643	17.837	1	286.9084	61.003086	81.8949	0.029645
185.7059788	-0.906865	-1.7577	-18.753153	19.442	18.294	17.358	1	287.9865	61.13184	81.42616	0.022033
184.0823974	-0.9062938	-11.239866	1.455277	19.646	18.485	17.494	1	284.75446	60.7204	82.84492	0.020079
185.5613304	-0.9056921	2.09049	-2.130338	18.919	17.518	16.605	1	287.69467	61.099464	81.553055	0.024818
184.9938106	-0.9018614	-15.633956	-10.411208	19.81	18.696	18.216	1	286.55603	60.965595	82.05065	0.030209
184.2943477	-0.9013405	-0.579007	4.157456	19.45	18.338	17.696	1	285.16873	60.783363	82.66209	0.02461
184.2953653	-0.8963999	1.758763	-2.166824	18.003	17	15.805	1	285.168	60.788395	82.6636	0.024679
184.5968688	-0.8963506	-0.396246	3.94539	19.478	18.667	17.965	1	285.76398	60.86898	82.40015	0.032005
184.0460771	-0.8962905	11.575413	-4.8822	19.089	18.228	17.272	1	284.67743	60.719906	82.88152	0.020903
184.4557493	-0.8946581	3.317321	-8.282015	19.386	18.067	17.258	1	285.4837	60.833244	82.524284	0.028553
184.5806553	-0.8936262	10.95789	3.098356	19.265	17.863	16.808	1	285.73038	60.867344	82.41564	0.031688
184.8746531	-0.8909196	-5.47083	2.400671	19.46	18.03	17.282	1	286.3129	60.946068	82.16008	0.030574
184.3954621	-0.8845431	-12.38054	-6.903268	18.21	15.237	14.851	1	285.359	60.826847	82.58189	0.025466
185.0837666	-0.8821184	9.428434	8.459253	17.478	17.082	16.465	1	286.72543	61.00717	81.981674	0.029852
185.8514447	-0.878939	-13.974994	-18.641033	19.927	18.968	18.661	1	288.26697	61.192116	81.31273	0.021594
184.1685136	-0.8782538	4.059622	-4.208649	19.481	18.481	18.328	1	284.90793	60.77116	82.78327	0.020844
184.3092137	-0.8737457	4.952128	-6.705567	19.865	18.881	17.805	1	285.1827	60.813957	82.6625	0.024955
184.320745	-0.8721552	3.845133	6.893712	18.923	17.624	16.522	1	285.2046	60.818615	82.6532	0.024932
184.430102	-0.8684625	-2.774697	0.530622	17.325	17.077	15.989	1	285.4186	60.85163	82.559425	0.027278
184.8952549	-0.8644667	4.615252	7.367219	18.951	17.486	16.298	1	286.3401	60.97689	82.154945	0.030308
185.303979	-0.8642736	3.150816	0.244606	15.946	15.908	14.024	1	287.15732	61.07846	81.798	0.027879
185.1753614	-0.8630979	-1.483555	-10.065321	19.109	17.799	16.746	1	286.89896	61.048237	81.91091	0.028985
184.023412	-0.8593628	5.468765	8.457124	19.833	18.932	18.103	1	284.61182	60.749035	82.919266	0.021165
184.4675626	-0.8586558	-6.81604	-5.878151	19.398	18.401	17.853	1	285.48737	60.871094	82.53146	0.029347
184.0632497	-0.8585314	4.835712	-23.571596	19.99	18.472	17.447	1	284.68964	60.760952	82.88485	0.020793
184.8512758	-0.8559141	-3.819961	-2.413051	18.526	17.708	17.004	1	286.24796	60.973953	82.197525	0.030456
184.4067122	-0.8549149	-5.809597	-2.75894	17.741	16.863	15.669	1	285.3649	60.85841	82.58645	0.026145
185.3819431	-0.8528334	3.963044	-0.672627	16.414	16.085	14.068	1	287.30814	61.10834	81.735466	0.027674
184.2359341	-0.8519063	-4.255753	7.116815	17.86	17.404	16.411	1	285.02594	60.815002	82.73715	0.023723
185.2547063	-0.8517316	-18.970495	-5.434876	19.92	18.086	16.653	1	287.0522	61.07867	81.84714	0.027667
184.987127	-0.8505289	6.51623	-6.356232	18.409	17.023	15.655	1	286.5161	61.013603	82.08146	0.030514
184.4405064	-0.8493899	-20.364565	11.887624	19.507	18.726	18.455	1	285.4287	60.87279	82.55961	0.02781
184.0480721	-0.8462564	-4.479526	-4.434804	19.003	18.244	17.48	1	284.6528	60.76851	82.90408	0.020917
184.3979757	-0.8417632	-5.124506	1.954844	19.994	18.701	17.814	1	285.34036	60.86873	82.60048	0.025799
185.2431687	-0.839873	4.584862	1.098969	18.863	17.767	16.781	1	287.02307	61.087357	81.86298	0.027443
184.0316517	-0.8394823	0.388815	2.69742	19.058	18.185	17.488	1	284.61664	60.770424	82.92172	0.020986
184.9470962	-0.8374351	4.165186	-4.071629	19.945	18.162	17.233	1	286.42935	61.01618	82.1228	0.030595
184.9808262	-0.8336152	-7.920489	-27.125212	19.944	18.782	18.469	1	286.49472	61.028385	82.09519	0.03056
185.0247073	-0.8313812	1.976296	1.117052	19.724	18.574	18.12	1	286.58127	61.041573	82.057945	0.030307
184.5051154	-0.8276129	2.792442	-0.528896	19.874	18.639	17.826	1	285.54477	60.91102	82.51373	0.030652
184.9540908	-0.8272508	-5.543729	-13.454475	19.525	17.742	16.771	1	286.43802	61.0278	82.12165	0.030625
184.9805827	-0.827217	-4.813399	2.621846	18.954	17.891	17.286	1	286.4909	61.034515	82.09852	0.03056
184.518911	-0.8258018	5.108451	5.224234	18.678	17.631	16.608	1	285.57114	60.91643	82.50256	0.031162
185.3058686	-0.8250438	9.180324	5.235632	19.421	18.365	17.672	1	287.14145	61.11698	81.81544	0.0271
185.9064785	-0.823271	-1.645987	3.634284	19.488	18.101	17.214	1	288.3524	61.258728	81.2918	0.02296
184.4248365	-0.8214817	-11.872224	3.741402	19.645	17.989	17.111	1	285.38232	60.89548	82.58686	0.026974
185.7381922	-0.8201272	-49.45945	5.278368	19.811	18.934	18.606	1	288.01025	61.223656	81.44028	0.02168
184.4278681	-0.8190134	3.986069	1.351465	18.379	17.452	16.485	1	285.38696	60.89867	82.58542	0.027116
184.2112596	-0.8177351	4.568028	1.789582	19.378	18.239	17.467	1	284.95804	60.8411	82.77532	0.022977
184.0971322	-0.8170636	10.586103	5.992838	18.335	17.413	16.516	1	284.73267	60.81021	82.87539	0.020949
184.2803417	-0.8109524	-11.044132	12.314957	19.864	18.862	18.426	1	285.09064	60.866528	82.71825	0.024692
184.3799287	-0.809465	-3.055862	0.560428	16.28	16.117	14.691	1	285.28677	60.89497	82.63195	0.02558
184.044455	-0.8091092	9.10266	7.075742	18.518	17.998	17.214	1	284.62442	60.803165	82.925285	0.020723
184.3370296	-0.8085741	-1.293579	4.664887	18.17	17.07	15.799	1	285.2014	60.884228	82.66987	0.025195
184.1314947	-0.8081959	0.895939	-0.522082	18.781	17.519	16.61	1	284.79532	60.828266	82.84966	0.02117
184.5239577	-0.8076803	-0.354192	11.545567	19.857	18.738	17.949	1	285.57123	60.93524	82.506966	0.031293
185.9740869	-0.8044259	-14.611711	10.592471	19.711	18.439	17.847	1	288.48074	61.29218	81.24196	0.022874
184.497766	-0.8008495	-16.585503	-1.178551	19.573	18.984	19.162	1	285.51553	60.93486	82.53317	0.030234
184.0062754	-0.7993512	-7.365421	6.970622	19.081	18.031	17.236	1	284.5437	60.801838	82.963394	0.020321
184.3226782	-0.7975177	-19.909828	-24.783606	19.255	18.506	18.696	1	285.16684	60.890976	82.68778	0.025043
184.4754889	-0.7972261	8.217895	-8.165536	19.462	18.708	18.003	1	285.46933	60.93241	82.5544	0.028729
184.9992806	-0.7971917	-1.642467	0.077392	18.104	17.396	16.221	1	286.5127	61.068283	82.096794	0.030389
184.1776608	-0.7965099	-0.504276	-2.214934	17.728	16.943	15.836	1	284.87973	60.852257	82.814995	0.022253
184.2370468	-0.7930521	28.648771	-7.53541	19.751	18.812	17.964	1	284.99506	60.87191	82.76478	0.023448
184.3978812	-0.7925353	-12.655931	-2.053678	19.114	18.294	16.985	1	285.31293	60.91611	82.62449	0.025897
184.4880011	-0.7890322	-2.917755	-4.941269	18.204	16.94	15.409	1	285.48965	60.943645	82.54745	0.029514
185.3318872	-0.785088	5.510408	0.500433	18.502	17.445	16.292	1	287.17374	61.162045	81.812164	0.026546
184.2425775	-0.7843781	-7.826364	-7.991314	19.611	18.791	18.011	1	285.0011	60.881767	82.76416	0.023431
185.9228949	-0.7808664	4.332003	-3.498695	19.739	18.225	17.448	1	288.3659	61.30373	81.298134	0.022673
184.1327398	-0.780565	-5.877257	-2.028286	18.486	17.38	16.313	1	284.78207	60.85516	82.862	0.021527
184.3658081	-0.7804665	-1.734191	5.316119	17.231	16.546	15.267	1	285.2427	60.919075	82.65838	0.025297
184.1435349	-0.7792232	-24.00536	-28.35362	19.368	18.493	17.673	1	284.8026	60.85944	82.85322	0.021738
185.1966829	-0.7786628	-2.981894	-5.605097	19.13	17.9	16.889	1	286.89877	61.135323	81.93339	0.026597
184.3544412	-0.7765108	-3.490398	-2.059635	17.953	16.995	15.745	1	285.218	60.919807	82.670235	0.025138
185.1139334	-0.7762913	-9.032839	-18.355768	19.811	18.506	17.827	1	286.7315	61.117176	82.00681	0.029311
184.3336406	-0.7720669	3.538376	0.327112	19.285	18.274	17.245	1	285.17432	60.918446	82.690575	0.024805
184.142845	-0.7704747	-4.563222	7.614379	19.449	17.995	16.657	1	284.79626	60.867657	82.85808	0.021735
184.4742066	-0.769464	-4.200743	-2.905759	19.762	18.361	17.448	1	285.45154	60.95882	82.569016	0.028617
185.797935	-0.7678528	1.16191	-0.479143	19.139	18.253	17.534	1	288.10635	61.288193	81.41358	0.021614
185.1770665	-0.7614941	7.766003	-3.191778	19.954	18.429	17.948	1	286.85062	61.147133	81.95888	0.026882
185.4794931	-0.7566905	-9.906165	-3.435486	19.394	17.89	16.822	1	287.45697	61.22498	81.69709	0.026734
184.1503714	-0.7564687	1.823542	4.513297	19.371	18.29	17.349	1	284.80313	60.883198	82.85831	0.021878
185.2142366	-0.753208	6.506756	-11.947856	19.778	18.65	18.212	1	286.92105	61.164307	81.93044	0.025545
184.119061	-0.7509362	-11.775713	-8.329291	19.764	18.907	18.797	1	284.7382	60.879826	82.88835	0.021334
184.1946089	-0.7502178	-8.205284	5.118112	19.59	17.799	17.102	1	284.887	60.90143	82.822685	0.022618
184.2516956	-0.7491435	-6.590509	-0.518481	17.758	16.858	15.561	1	284.99927	60.91815	82.77332	0.023206
184.5302126	-0.747412	3.206913	2.853062	18.675	17.522	16.472	1	285.55066	60.995007	82.5308	0.030969
184.5394298	-0.7474538	0.809033	-3.782396	18.195	17.15	15.978	1	285.569	60.997414	82.52273	0.031296
184.4781508	-0.7447764	24.622545	-1.470449	18.293	18.532	17.632	1	285.44574	60.98366	82.577576	0.028799
184.3005586	-0.7386543	-2.286207	-2.676616	19.796	18.144	17.203	1	285.0901	60.941597	82.735725	0.02348
184.3059318	-0.7379158	-8.279437	4.813052	18.944	18.357	17.474	1	285.1003	60.943775	82.731384	0.023527
184.0934864	-0.7358021	-0.270597	0.739482	18.591	17.53	16.481	1	284.67905	60.887245	82.91806	0.020931
184.1981595	-0.7340701	-4.674066	-1.771456	19.887	18.147	17.683	1	284.88486	60.91793	82.82743	0.022613
184.0742397	-0.7333212	6.68459	-4.245108	19.418	18.102	17.452	1	284.63965	60.88426	82.93608	0.020755
184.5403483	-0.7328858	-6.385069	-2.695285	19.426	18.316	17.238	1	285.56284	61.011703	82.529015	0.031007
184.8352571	-0.7328279	-11.200562	1.050435	19.966	18.679	19.22	1	286.15085	61.088825	82.2714	0.030918
184.8676069	-0.7325942	-11.530074	4.777878	19.195	17.804	16.801	1	286.21542	61.097347	82.243256	0.031036
185.843209	-0.7316459	12.958652	9.684426	19.354	18.469	18.08	1	288.18106	61.33374	81.3917	0.021563
184.0332245	-0.7311692	10.331471	-0.498084	18.312	17.412	16.43	1	284.5575	60.87484	82.97298	0.020431
184.3460915	-0.7303315	18.3177	-0.38961	19.281	18.251	17.56	1	285.17566	60.961994	82.69998	0.024664
184.1653027	-0.7301912	-9.955048	13.335698	19.41	18.876	18.731	1	284.8177	60.912582	82.858025	0.022132
185.5925331	-0.728246	-24.30998	-8.895347	19.617	18.542	18.36	1	287.67142	61.279285	81.612236	0.021716
184.1443806	-0.726691	5.769364	9.168747	18.435	17.885	16.82	1	284.77435	60.91015	82.87801	0.021756
184.3753794	-0.7263002	8.377401	-0.733776	19.475	18.442	17.515	1	285.2315	60.973812	82.67635	0.025379
185.6760824	-0.715508	17.529469	-14.862236	18.926	17.711	17.181	1	287.83438	61.311142	81.54549	0.019768
184.2804976	-0.7149087	5.657104	1.895606	19.866	18.417	17.579	1	285.037	60.95896	82.7648	0.023068
184.775128	-0.7143953	2.497576	-12.177853	19.609	18.069	17.24	1	286.02087	61.091125	82.33289	0.031845
185.5716717	-0.7139936	-6.091122	3.518601	18.27	17.634	16.504	1	287.62225	61.288242	81.63739	0.022709
184.0356464	-0.7134797	-4.716278	7.459714	19.11	17.991	16.937	1	284.55206	60.892498	82.979454	0.020601
185.374011	-0.7107049	-11.926518	-25.111979	18.108	17.977	17.334	1	287.2213	61.244396	81.8116	0.027241
184.3807979	-0.7098987	-8.286028	-3.056994	19.502	18.382	17.667	1	285.2331	60.991066	82.679596	0.025527
184.1476218	-0.7098202	-10.426084	28.768044	18.443	18.316	17.486	1	284.77112	60.927258	82.88338	0.021815
184.0239116	-0.7037858	-27.595945	-9.610008	19.884	19.203	17.746	1	284.52332	60.898506	82.99442	0.020624
184.3567669	-0.7033292	-5.79327	-19.393454	19.831	18.468	17.664	1	285.18173	60.99088	82.70379	0.024826
185.3985193	-0.7030227	0.945141	-4.504223	18.248	17.466	16.301	1	287.2669	61.25775	81.793945	0.027784
185.4690727	-0.7016424	7.254132	1.707695	19.679	18.284	17.644	1	287.40872	61.27597	81.733	0.026154
184.4910475	-0.7008145	7.259716	5.598332	19.586	19.109	18.234	1	285.44714	61.029472	82.587685	0.029141
184.177902	-0.6938513	0.797904	-3.619798	19.505	18.246	17.293	1	284.8219	60.95099	82.864685	0.022192
184.3585877	-0.6935654	6.994046	2.223052	18.432	17.739	16.725	1	285.17987	61.00077	82.70694	0.024824
185.1677032	-0.693366	1.822335	0.449103	18.937	17.694	16.647	1	286.7969	61.21084	82.00022	0.027057
185.1204451	-0.6881733	9.671781	1.198034	18.135	17.094	15.808	1	286.6992	61.204147	82.04403	0.028439
184.8173023	-0.6879287	1.894642	-0.73355	19.437	17.916	17.2	1	286.09103	61.12759	82.30893	0.030405
184.3886554	-0.6860952	0.212016	8.659781	19.302	18.456	17.732	1	285.2354	61.01611	82.6843	0.025756
184.3713779	-0.6849275	-10.995771	7.480272	19.315	18.549	17.716	1	285.20044	61.012554	82.69997	0.025157
185.6272102	-0.6827663	-4.52454	-3.100551	17.67	17.311	16.384	1	287.71948	61.33161	81.60412	0.020502
185.4280387	-0.6624956	-0.075046	-5.95618	19.177	17.92	17.049	1	287.3063	61.304176	81.78791	0.026742
185.6839399	-0.6592928	-2.270828	-7.415193	19.863	18.679	17.644	1	287.82315	61.367645	81.566025	0.020064
185.1187423	-0.6576438	-30.27467	5.271215	19.963	18.739	18.691	1	286.67996	61.23329	82.06038	0.027648
184.8358386	-0.6563971	-4.337544	-6.797069	17.691	16.809	15.523	1	286.1113	61.162834	82.30808	0.029955
184.0229485	-0.6561501	-10.941836	-17.187548	19.975	18.942	18.36	1	284.49384	60.94395	83.01842	0.021137
185.2159343	-0.6530103	49.721676	-29.314043	19.86	18.595	18.633	1	286.87332	61.26185	81.97775	0.026375
184.0241505	-0.6501959	-0.40707	-2.34547	19.338	18.34	17.527	1	284.49277	60.95	83.020256	0.02113
185.5892948	-0.648512	12.778771	-37.80928	19.576	18.634	18.193	1	287.6259	61.356033	81.653915	0.022085
185.6816573	-0.6433308	6.31884	3.699032	19.183	17.73	17.079	1	287.81076	61.38264	81.5758	0.020322
184.1114521	-0.6427979	-3.299576	0.008504	18.824	17.749	16.747	1	284.66116	60.98157	82.94757	0.020421
185.6496627	-0.6427463	-11.121682	4.200162	19.437	18.174	17.297	1	287.74554	61.375767	81.60402	0.020703
184.1852101	-0.6414606	-1.332344	1.284614	19.154	17.836	17.004	1	284.8065	61.003357	82.883766	0.021392
185.5413508	-0.6401291	-7.88435	-3.810514	19.695	18.407	17.636	1	287.52457	61.35288	81.69986	0.023221
184.8500354	-0.638106	0.15784	-6.547879	16.889	16.587	15.326	1	286.12997	61.184162	82.30459	0.02965
184.5319745	-0.6375892	10.877799	-20.516205	19.67	18.781	18.155	1	285.49374	61.10133	82.58268	0.028219
185.5669815	-0.6370099	8.697685	1.46279	19.867	18.806	17.995	1	287.57498	61.36196	81.679	0.022699
184.7724987	-0.6327517	-11.553334	-2.771354	19.22	17.826	17.043	1	285.97177	61.169296	82.37492	0.029965
184.2493504	-0.6292028	3.582281	-5.606105	19.31	18.507	17.58	1	284.92673	61.032837	82.83369	0.022367
184.0349508	-0.6281875	-7.142171	7.974102	19.547	18.17	17.277	1	284.50137	60.97416	83.02152	0.021094
185.9589448	-0.6258607	-15.827037	-6.473901	19.46	18.754	17.933	1	288.36682	61.46287	81.34225	0.022062
184.0068197	-0.6258361	-3.843743	1.460097	17.819	16.99	15.725	1	284.44437	60.968487	83.04724	0.020958
185.393762	-0.6249996	-2.462647	0.325859	19.676	18.73	18.217	1	287.2182	61.332336	81.836105	0.026892
184.6656175	-0.6243859	-21.04898	42.328297	19.993	18.825	18.156	1	285.75336	61.14945	82.47236	0.030151
185.2746252	-0.6229163	-2.584747	15.266381	19.895	18.779	18.684	1	286.97635	61.305424	81.941154	0.026949
184.300091	-0.6227077	2.394683	4.189684	17.633	16.882	15.67	1	285.02383	61.053005	82.79251	0.022779
185.3724073	-0.6227272	7.501915	-8.066035	18.488	17.818	16.905	1	287.17386	61.329388	81.85586	0.027224
184.6220343	-0.6212003	-3.569069	-0.449701	18.167	17.165	16.074	1	285.66452	61.141037	82.51198	0.028672
185.7153501	-0.6211132	-9.591923	-11.714617	19.736	18.196	17.597	1	287.86847	61.412064	81.55721	0.020355
184.7210414	-0.6170767	-11.370467	6.209767	19.253	18.346	17.591	1	285.86026	61.17103	82.4275	0.030333
185.4551258	-0.6147218	5.596594	-15.889403	19.044	17.811	16.947	1	287.33728	61.357048	81.78754	0.024214
184.545867	-0.6143477	-0.918069	4.997192	19.095	18.171	17.445	1	285.50864	61.127434	82.581856	0.027099
184.0757282	-0.6099514	1.584889	-7.714129	18.283	17.24	16.15	1	284.5715	61.003113	82.99475	0.020416
185.846079	-0.6097784	-20.053276	-7.245649	19.602	18.515	17.869	1	288.12912	61.453075	81.448616	0.02106
184.2184061	-0.6009737	-2.484275	7.832051	18.307	17.201	16.119	1	284.84924	61.051445	82.87445	0.021304
184.7230565	-0.6010001	-2.54494	-7.978456	18.837	18.001	17.159	1	285.8556	61.187073	82.43356	0.02988
185.6889705	-0.6000232	-1.130654	-1.886104	19.488	17.924	17.416	1	287.80463	61.426464	81.59053	0.020794
184.2219212	-0.5938467	-37.907204	-23.146465	19.893	19.227	18.745	1	284.85214	61.059265	82.87485	0.021252
185.7204901	-0.5924097	-7.054021	1.288803	19.416	18.206	17.355	1	287.86505	61.441177	81.56672	0.02053
185.4471388	-0.5915703	10.317567	-21.597677	19.582	18	17.402	1	287.3095	61.377613	81.805786	0.023755
185.3619314	-0.5874072	-3.917431	11.901989	19.97	19.045	18.889	1	287.13486	61.361122	81.88222	0.027537
184.3227945	-0.5854729	-4.393345	0.454941	19.721	18.936	17.879	1	285.0479	61.09503	82.79079	0.022561
184.6369214	-0.5836773	28.268843	-19.811222	19.422	18.876	18.544	1	285.67374	61.18116	82.517235	0.027665
185.7572058	-0.5778915	-3.386323	-4.3049	19.149	17.919	16.847	1	287.93277	61.46378	81.54175	0.020318
184.3135349	-0.5762237	15.996994	7.482489	19.864	18.481	17.765	1	285.02426	61.101395	82.803375	0.022394
184.5758453	-0.5732254	-9.847765	11.73865	18.882	18.054	17.092	1	285.54584	61.175053	82.575676	0.026177
185.513383	-0.5726748	-7.605094	14.028468	19.994	18.807	18.693	1	287.43445	61.411777	81.757164	0.021972
184.3061277	-0.566119	-2.914658	-0.279191	18.014	17.419	16.404	1	285.00378	61.109085	82.81476	0.022257
184.3461923	-0.5634811	-7.652211	-20.053764	18.741	18.427	17.71	1	285.08206	61.122574	82.781044	0.022439
184.0607287	-0.5629379	10.906119	-11.759418	19.962	18.64	17.994	1	284.51453	61.044025	83.030716	0.019963
184.5102617	-0.5627849	27.451721	-1.996428	19.846	18.822	17.98	1	285.409	61.167606	82.63805	0.025697
185.3233295	-0.5612695	16.006811	-6.709431	18.569	17.735	16.815	1	287.04346	61.377098	81.928665	0.028004
184.7084879	-0.5607458	12.373308	1.181946	19.312	18.542	17.605	1	285.80453	61.22211	82.46588	0.028236
185.7570568	-0.5590464	3.507599	-7.625998	19.731	18.735	18.582	1	287.9234	61.482082	81.55107	0.02025
184.5422654	-0.549431	4.424524	-6.277934	18.364	17.329	16.311	1	285.46555	61.189037	82.616585	0.025548
184.4311144	-0.5490265	5.161797	-2.015147	18.572	17.533	16.548	1	285.24326	61.159554	82.71388	0.024315
184.3648014	-0.5465187	-6.890715	6.974786	19.691	19.287	18.361	1	285.1096	61.143967	82.77303	0.022543
184.4823053	-0.5447654	16.763939	-16.678268	18.082	17.311	16.288	1	285.3431	61.17746	82.671234	0.025391
184.0426513	-0.5424587	-2.087212	-3.295433	18.686	17.567	16.492	1	284.46677	61.058586	83.05647	0.019884
184.6599486	-0.5416382	-1.911802	7.62591	18.965	17.855	17.104	1	285.6968	61.227787	82.517586	0.026839
185.713516	-0.5413002	1.961012	-2.851048	18.626	17.489	16.53	1	287.82605	61.48928	81.59773	0.020949
185.5724819	-0.5398918	-0.795504	16.566582	19.624	18.7	18.02	1	287.53827	61.457634	81.72154	0.021796
185.9514694	-0.5390782	-2.516968	4.889614	19.461	18.29	17.531	1	288.31076	61.54577	81.391106	0.022439
184.9171568	-0.5376092	-1.961944	4.109358	18.936	17.713	16.702	1	286.2112	61.29852	82.29489	0.024887
185.2611395	-0.5358571	-18.149004	-8.380703	19.842	18.106	17.232	1	286.90457	61.38652	81.99535	0.026206
185.1149459	-0.5323557	-5.388415	2.191851	19.826	18.148	17.229	1	286.6072	61.353664	82.12472	0.023678
184.8206478	-0.5293723	6.622803	9.80502	19.398	18.206	17.843	1	286.01266	61.281624	82.383194	0.026197
185.0726318	-0.5273653	-2.551503	15.269611	19.516	18.123	17.054	1	286.51917	61.34788	82.1641	0.023411
185.4213815	-0.5264296	6.405237	-3.436895	18.726	17.385	16.37	1	287.22458	61.434654	81.86003	0.024123
185.8893539	-0.5256481	0.293539	-5.796493	19.576	18.335	17.844	1	288.1774	61.544834	81.45188	0.022019
185.4630332	-0.5246861	3.996461	-6.240107	19.727	18.506	18.04	1	287.30826	61.446358	81.82452	0.022833
185.0817017	-0.5241962	5.559092	-7.655711	17.103	16.691	15.324	1	286.5358	61.35323	82.15772	0.023434
184.2595422	-0.514307	-21.886473	2.995086	19.69	18.728	17.272	1	284.88153	61.146095	82.88067	0.021522
184.5767821	-0.5126614	-2.61028	5.182252	19.302	18.04	17.171	1	285.51425	61.23368	82.60433	0.025061
184.5217145	-0.5122816	-13.254086	-6.18465	19.86	19.481	18.632	1	285.40378	61.219334	82.65262	0.025296
185.2255943	-0.5115178	-3.544903	-17.384731	19.893	19.059	18.34	1	286.8201	61.401352	82.038246	0.02415
184.5731885	-0.5091641	-0.908958	-3.058124	19.367	18.029	17.174	1	285.5051	61.236095	82.60918	0.025051
185.2954396	-0.5070035	4.301295	-3.424737	18.131	17.665	16.744	1	286.95926	61.422905	81.97946	0.026786
185.7637123	-0.5038843	7.7474	9.807201	19.383	18.065	17.194	1	287.9103	61.537292	81.57217	0.020893
185.3084429	-0.4996639	14.435713	-27.394426	19.538	17.698	16.296	1	286.98187	61.433205	81.97169	0.026784
184.9146095	-0.4952939	9.6668	-1.231924	18.96	17.779	16.821	1	286.18347	61.338768	82.317726	0.023845
185.2820444	-0.4898325	0.95498	0.164225	19.958	18.039	17.079	1	286.9233	61.436268	81.99953	0.025718
185.3036392	-0.4809058	7.354844	4.33486	19.956	18.233	17.51	1	286.96252	61.45022	81.98502	0.026335
184.3685635	-0.4781688	-6.035731	2.662465	18.219	17.862	17.206	1	285.07843	61.210754	82.80301	0.022386
184.6938184	-0.4776039	-36.19922	2.410619	19.706	18.793	17.907	1	285.72968	61.29848	82.51917	0.025522
184.702685	-0.474114	-8.178782	-39.300304	19.614	17.019	15.535	1	285.74557	61.30418	82.51313	0.025467
185.5222346	-0.4731084	0.916135	-0.682942	19.442	18.389	17.438	1	287.40283	61.51059	81.79797	0.022553
185.3092937	-0.4539367	4.260626	-6.939173	17.764	17.082	15.958	1	286.96017	61.47775	81.99323	0.025936
185.965614	-0.4535265	3.640946	-7.735564	19.056	17.691	16.577	1	288.29932	61.63231	81.42052	0.024471
184.4546796	-0.451917	-3.7132	-26.581043	19.457	18.956	19.52	1	285.23584	61.259415	82.740555	0.023257
184.588381	-0.4515492	-0.960944	-2.783473	18.158	17.054	15.832	1	285.5036	61.295677	82.623955	0.024927
184.5661468	-0.4488311	-1.852178	9.201071	19.331	18.357	17.539	1	285.4575	61.292362	82.64469	0.024557
185.3066535	-0.4481607	7.40314	-6.690594	19.739	18.238	17.301	1	286.95184	61.482704	81.99835	0.02579
185.7456601	-0.4473844	-14.155635	10.252231	19.694	18.336	17.36	1	287.84598	61.58809	81.61549	0.022232
184.2858628	-0.4454821	-10.313375	-4.453639	18.774	16.66	16.139	2	284.89465	61.21951	82.89116	0.021606
185.2394255	-0.4453211	5.782494	2.168238	17.844	17.005	15.652	1	286.81393	61.468914	82.05843	0.023176
185.535046	-0.4444497	-4.223216	-3.42727	18.987	18.297	17.857	1	287.4146	61.541473	81.800766	0.022268
185.0505231	-0.4434573	3.73672	4.649214	18.806	17.618	16.508	1	286.4303	61.423504	82.22429	0.023228
185.5904922	-0.4429938	-16.412565	2.275638	19.486	18.183	17.689	1	287.52695	61.556046	81.753075	0.021028
184.5995291	-0.441947	-8.291474	-5.029306	19.61	17.927	17.14	1	285.52066	61.3079	82.61889	0.025132
184.7193048	-0.4407358	-19.239038	-9.28054	19.816	18.159	17.031	1	285.7607	61.34075	82.51487	0.024929
184.3783593	-0.4404888	-0.495467	-5.815933	19.313	18.118	17.694	1	285.07666	61.249676	82.81279	0.022176
184.4327875	-0.4398975	1.707741	-9.383291	19.534	18.502	17.635	1	285.18524	61.265057	82.76553	0.022561
184.1806488	-0.4383563	-1.813531	-9.1129	19.295	18.358	17.518	1	284.68066	61.197197	82.98654	0.020312
184.866591	-0.4380893	-12.344851	-8.882581	19.67	18.496	18.093	1	286.05594	61.381683	82.38753	0.023161
185.3356395	-0.4359453	4.729562	0.140018	18.419	17.456	16.541	1	287.0045	61.501637	81.979004	0.026252
185.4149815	-0.4342407	15.943694	-12.915688	19.846	18.393	17.704	1	287.16495	61.522575	81.91056	0.025133
185.875297	-0.4341095	-16.405666	-19.969696	18.322	16.012	16.046	1	288.10492	61.630787	81.50882	0.023785
185.6849472	-0.4325276	12.418058	8.775424	19.679	18.065	17.089	1	287.71463	61.588413	81.675735	0.021925
184.9960692	-0.4305388	-11.841579	-7.743512	19.639	18.148	17.221	1	286.31335	61.422188	82.27813	0.023575
184.6444163	-0.429574	1.913886	-3.119601	18.112	17.239	16.241	1	285.60397	61.331757	82.58571	0.025947
184.9665401	-0.4281742	1.18834	-0.391903	18.095	17.194	15.951	1	286.2524	61.416943	82.30507	0.023597
184.2265009	-0.4274815	-5.578902	-2.861441	19.276	18.31	17.414	1	284.76584	61.220394	82.951775	0.021224
185.8939376	-0.4270724	-6.061829	9.480057	19.555	18.348	17.036	1	288.13977	61.64188	81.49599	0.024345
184.8157192	-0.4231425	3.950948	-5.24303	19.19	18.1	17.25	1	285.94528	61.382935	82.43923	0.023367
184.0948885	-0.4229798	-18.740639	-8.334101	19.219	18.114	17.306	1	284.5009	61.18794	83.06895	0.019495
185.9662202	-0.4194779	11.951704	2.316431	19.686	18.787	18.54	1	288.28442	61.665623	81.43661	0.024896
185.8279895	-0.4167769	-1.614645	-2.212352	19.294	17.439	16.84	1	287.99966	61.63685	81.55857	0.023629
184.2856256	-0.4142112	-16.477394	-10.620497	19.667	18.363	18.098	1	284.87628	61.249504	82.906586	0.021414
185.4580238	-0.4128104	7.995181	-0.946607	19.264	17.814	16.913	1	287.24176	61.553757	81.88344	0.024117
184.6407184	-0.4118352	-1.637928	-5.247164	18.534	17.281	16.286	1	285.58673	61.347878	82.59758	0.025993
185.0844891	-0.4021723	16.706474	80.63408	19.976	18.051	17.714	1	286.47726	61.472027	82.21475	0.022432
185.63911	-0.400529	-4.179382	-1.930211	19.506	18.558	18.13	1	287.60516	61.608776	81.73135	0.02196
184.6019945	-0.3968913	3.912007	-8.758554	18.931	17.598	16.614	1	285.50058	61.351986	82.63867	0.02493
184.7794676	-0.3961361	-0.725105	-1.639288	19.767	18.621	18.016	1	285.85748	61.39956	82.48405	0.023527
184.9583823	-0.3914637	9.553397	-31.906061	18.326	17.847	16.812	1	286.21628	61.450348	82.330086	0.02374
185.9644538	-0.3906237	2.01952	2.648977	19.626	18.581	17.833	1	288.26712	61.693336	81.45224	0.024832
185.7409051	-0.3864681	-9.259644	2.863995	19.938	18.093	17.267	1	287.80655	61.64624	81.64937	0.024078
185.9428556	-0.3825874	1.70558	-1.059394	18.277	17.169	15.854	1	288.2189	61.696293	81.47501	0.024848
184.3222863	-0.3786804	5.154046	1.025683	19.954	18.766	17.613	1	284.92923	61.29376	82.89185	0.021044
184.1543919	-0.3777683	1.864894	3.053867	17.757	17.142	15.975	1	284.59314	61.248035	83.03896	0.021007
184.9436704	-0.3750284	-19.248486	9.979025	19.837	18.967	17.948	1	286.1777	61.462463	82.35094	0.023808
184.7318256	-0.3730419	1.58727	6.282321	18.846	18.47	17.918	1	285.74878	61.40936	82.5369	0.024766
184.8185938	-0.3715958	-3.591965	-0.80818	19.551	17.523	17.036	1	285.92307	61.433456	82.46183	0.0229
184.1965335	-0.369732	0.269551	17.887812	19.235	18.35	17.568	1	284.6726	61.26753	83.00606	0.021572
185.0004849	-0.3692283	-8.954651	13.341595	19.847	18.935	18.816	1	286.2896	61.4826	82.30415	0.023609
184.5643288	-0.3647833	2.468978	0.034931	18.412	17.335	16.186	1	285.40695	61.372856	82.68721	0.023581
185.8553047	-0.3631676	7.95352	4.75802	18.776	17.477	16.508	1	288.0298	61.69529	81.5609	0.025301
185.4799532	-0.3627413	6.730225	10.192003	19.41	18.323	17.435	1	287.26117	61.607628	81.88872	0.023893
184.0639539	-0.3623832	3.772196	1.210842	19.951	18.228	17.373	1	284.40375	61.23735	83.12546	0.020041
184.4684885	-0.3620738	-1.186525	-1.242798	16.36	16.092	14.608	1	285.21286	61.349644	82.77223	0.022172
185.2056239	-0.3606494	-23.907501	0.708072	19.845	18.521	18.077	1	286.7013	61.54256	82.12923	0.022594
184.5641168	-0.3583467	-2.003162	2.757587	18.957	18.529	17.578	1	285.40292	61.379	82.69053	0.023555
185.7944406	-0.3553221	-10.44196	12.388016	17.098	16.349	15.185	1	287.9011	61.688934	81.61784	0.025874
185.5217912	-0.355333	-0.201633	0.869282	18.728	18.037	17.404	1	287.34286	61.624855	81.85581	0.023593
185.2102975	-0.3542839	5.480313	11.266703	19.104	18.203	17.342	1	286.7075	61.54989	82.12825	0.022824
184.8369783	-0.3515004	-5.721721	-6.007197	19.316	17.679	16.755	1	285.94925	61.45764	82.45557	0.022551
185.556804	-0.3515159	2.059131	-25.635508	19.929	18.762	18.369	1	287.4125	61.636917	81.82711	0.023509
184.491228	-0.3443877	-0.515819	8.12574	18.836	17.997	17.12	1	285.24857	61.37282	82.76099	0.022681
184.730796	-0.3399485	-0.237692	-1.736865	19.652	18.828	18.279	1	285.72852	61.441013	82.553925	0.024583
185.6236906	-0.3375535	-8.863681	-12.053095	19.864	18.393	17.505	1	287.5424	61.666344	81.77554	0.024796
184.4972544	-0.3329521	-0.211087	-3.461963	17.786	17.309	16.413	1	285.2542	61.38546	82.76129	0.022901
184.8371238	-0.3306259	-8.622261	10.81186	19.84	18.925	18.128	1	285.93817	61.477837	82.465614	0.022581
184.411344	-0.3290697	-16.661642	-14.307342	19.976	18.409	17.918	1	285.07944	61.365868	82.83822	0.021171
185.4693546	-0.3257735	0.90477	-5.579338	19.964	19.135	18.017	1	287.2208	61.64096	81.91601	0.024498
184.9072636	-0.3255449	5.410735	4.879571	18.425	17.485	16.456	1	286.07736	61.500916	82.406845	0.02347
184.0193784	-0.3234536	5.144534	6.81251	18.277	17.351	16.358	1	284.29193	61.262035	83.18334	0.020418
184.1687697	-0.3220458	2.088438	5.873522	19.231	17.791	16.952	1	284.5894	61.305557	83.05352	0.021475
185.7335317	-0.3206862	1.977277	-3.926161	19.086	17.669	16.691	1	287.7592	61.708504	81.68791	0.02703
184.3674038	-0.3201276	1.920592	-1.111285	19.342	18.136	17.374	1	284.98615	61.36245	82.88095	0.020294
184.2602733	-0.3176054	4.379633	-5.228522	18.01	17.436	16.436	1	284.76993	61.335327	82.97575	0.021876
184.2352815	-0.3135139	-0.490194	8.381275	19.729	18.278	17.352	1	284.7175	61.332314	82.99957	0.021938
185.1907361	-0.3128499	6.764765	0.998206	19.96	18.986	18.319	1	286.646	61.585144	82.165535	0.023324
184.1275047	-0.311622	2.472966	-0.546242	19.565	18.2	17.044	1	284.50082	61.303978	83.09464	0.020797
185.557016	-0.3076617	10.574038	-37.777023	18.848	18.356	17.667	1	287.39093	61.679558	81.84833	0.024724
185.7194513	-0.3072807	-0.425588	-4.076299	18.301	17.753	16.989	1	287.7237	61.718258	81.70674	0.027565
184.2090039	-0.3055234	-6.413625	0.953015	19.772	19.127	18.666	1	284.66025	61.33267	83.02642	0.021883
184.2045704	-0.2955099	0.686379	4.308451	19.78	18.616	17.799	1	284.64554	61.341045	83.035164	0.021823
185.6678381	-0.2948298	5.518084	-8.511106	18.468	17.693	16.804	1	287.61163	61.718266	81.757866	0.027708
184.3842121	-0.2947049	5.72129	-2.587736	19.148	17.798	16.657	1	285.00534	61.391506	82.87865	0.020458
184.8524057	-0.2943233	5.155181	-7.357092	17.197	17.056	16.003	1	285.9493	61.51686	82.46996	0.022966
185.872851	-0.2938328	8.501524	1.099112	19.506	17.856	17.011	1	288.03235	61.7668	81.57944	0.025543
185.7497636	-0.2931137	5.531791	0.150655	18.348	17.819	17.276	1	287.77896	61.739098	81.6872	0.028389
184.6081658	-0.2897213	-4.131555	13.932095	19.735	18.803	17.89	1	285.45325	61.456913	82.685486	0.025203
184.3649997	-0.2836508	5.059664	2.934782	18.771	17.464	16.584	1	284.96042	61.396866	82.90081	0.020422
185.2182742	-0.283515	-1.42815	-0.135438	19.39	18.535	17.75	1	286.6867	61.62042	82.1558	0.024398
184.4067225	-0.278721	-5.712935	18.36732	19.759	18.57	17.783	1	285.0414	61.41304	82.866776	0.020973
184.8825135	-0.2731106	14.001683	10.590199	19.838	17.958	17.147	1	285.99878	61.545162	82.45401	0.023535
184.9575607	-0.2717052	18.638887	-3.682888	19.161	18.751	17.808	1	286.15024	61.56589	82.38917	0.024602
185.0438802	-0.2702648	-16.21418	16.004559	19.455	17.666	16.984	1	286.32477	61.58935	82.31451	0.02415
