0.6749740394600209,0.19167621229476903,0.8125000000000007,0.7362120564343737,0.9285031542726055,1.0,0.2452830188679245,0.8333333333333338,0.8974358974358976,0.840909090909091,0.43859649122807015,0.9985107967237528,0.5648148148148106,0.812785388127854,0.08823529411765013,0.10296411856474123,0.7606689734717423
0.9238490827275874,0.281786941580756,0.6964285714285714,0.9716403021234145,0.5425348881666986,0.9148936170212765,0.2452830188679245,0.7499999999999992,0.5641025641025642,0.5227272727272727,0.7543859649122807,0.9992553983618764,0.660493827160511,0.7031963470319627,0.07352941176470844,0.195007800312013,0.6372549019607859
0.9745586708203531,0.30469644902634596,0.6428571428571422,1.0,0.4113936149875741,0.5319148936170214,0.2452830188679245,0.7083333333333335,0.5897435897435898,0.5227272727272727,0.7543859649122807,0.9992553983618764,0.7160493827160529,0.6347031963470319,0.2647058823529504,0.2979719188767542,0.5899653979238767
1.0,0.34096983581519663,0.6249999999999998,0.9783383212198944,0.20684381571401267,0.40425531914893614,0.2452830188679245,0.5,0.20512820512820512,0.29545454545454547,0.6666666666666666,0.9992553983618764,0.7746913580247136,0.6210045662100451,0.22549019607844503,0.29953198127925224,0.5697808535178769
0.8984077535479404,0.3703703703703704,0.6116071428571437,0.8527860909220465,0.10648059644427459,0.46808510638297873,0.2452830188679245,0.3749999999999996,0.282051282051282,0.25000000000000017,0.5964912280701754,0.9992553983618764,0.7746913580247136,0.6210045662100451,0.14215686274509717,0.27769110764430227,0.5611303344867388
0.7867774316372448,0.4135166093928981,0.6116071428571437,0.689040900669802,0.0,0.2765957446808512,1.0,0.2916666666666665,0.3333333333333333,0.34090909090909094,0.49122807017543857,0.9992553983618764,0.8302469135802555,0.602739726027397,0.1274509803921555,0.2901716068642753,0.5363321799307952
0.5430944963655244,0.44558991981672397,0.45535714285714296,0.47769702151916776,0.09214299369145486,0.021276595744680868,0.09433962264150944,0.24999999999999925,0.435897435897436,0.3636363636363638,0.7719298245614035,0.9992553983618764,0.8302469135802555,0.5022831050228314,0.32843137254901944,0.42277691107643994,0.4567474048442911
0.3653513326410523,0.480336006109202,0.3124999999999999,0.3279179136383069,0.18466832345631817,0.1914893617021277,0.6981132075471699,0.20833333333333345,0.5384615384615384,0.5000000000000001,1.0,0.9992553983618764,0.9043209876543348,0.3059360730593613,0.6372549019607949,0.6645865834633379,0.2837370242214556
0.10661128418137764,0.4295532646048111,0.12946428571428542,0.2475416844805472,0.4639648250812465,0.1914893617021277,0.6981132075471699,0.12499999999999889,0.30769230769230776,0.3181818181818183,0.7017543859649122,0.9992553983618764,0.8858024691358325,0.13242009132420043,0.7843137254901944,0.8408736349453969,0.11764705882352965
0.015230183454482519,0.7476135929744178,0.0,0.03263502921476415,0.516727203211623,0.1276595744680851,0.6981132075471699,0.0,0.0,0.0,0.14035087719298245,0.9992553983618764,0.8858024691358325,0.0,1.0,1.0,0.0051903114186853125
0.0,1.0,0.013392857142856074,0.0,0.6796023704836552,0.17021276595744683,0.6981132075471699,0.0,0.23076923076923067,0.1818181818181818,0.05263157894736842,0.9992553983618764,0.8487654320987928,0.0,0.9656862745098144,0.990639625585023,0.0
0.10141917618553134,0.0,0.09821428571428528,0.175431095909933,0.8866373542343721,0.14893617021276595,0.6981132075471699,0.08333333333333309,0.10256410256410256,0.06818181818181815,0.8245614035087719,0.9486224869694714,0.9629629629629954,0.10502283105022844,0.8088235294117755,0.8689547581903279,0.09111880046136164
0.21824160609207338,0.15960290187094311,0.2276785714285707,0.36297563061137234,0.821257885681514,0.10638297872340434,1.0,0.12499999999999889,0.3333333333333333,0.29545454545454547,0.45614035087719296,1.0,1.0,0.26484018264840253,0.6911764705882419,0.7098283931357248,0.24740484429065837
0.4974039460020769,0.20122184039709815,0.38392857142857145,0.6039618070400457,0.8378895048747849,0.23404255319148945,1.0,0.12499999999999889,0.4871794871794871,0.47727272727272746,0.24561403508771928,0.9947877885331348,0.9629629629629954,0.39726027397260294,0.4215686274509893,0.5335413416536656,0.35640138408304584
0.5430944963655244,0.2214585719740359,0.46875000000000067,0.6519880290722531,0.784935958707704,0.38297872340425526,0.037735849056603724,0.24999999999999925,0.6923076923076924,0.6590909090909093,0.5087719298245614,0.0,0.9444444444444581,0.4840182648401834,0.2303921568627473,0.4180967238689514,0.4198385236447525
0.619245413637937,0.2657502863688431,0.598214285714286,0.7242411286874733,0.6335308736379277,0.1914893617021277,0.09433962264150944,0.33333333333333237,0.282051282051282,0.25000000000000017,0.5087719298245614,0.9709605361131795,0.9814814814814977,0.6164383561643838,0.15196078431373658,0.2870514820592793,0.5530565167243381
0.5228452751817239,0.24971363115693018,0.7142857142857139,0.6440074105743195,0.6883961001720513,0.2765957446808512,0.6981132075471699,0.6250000000000003,0.12820512820512822,0.1363636363636365,0.3508771929824561,0.9992553983618764,0.922839506172837,0.7351598173515975,0.0,0.14976599063962612,0.6614763552479841
0.5430944963655244,0.2844597174494082,0.8125000000000007,0.658828559213339,0.5708277575989295,0.0,0.0,0.8333333333333338,0.3846153846153847,0.3636363636363638,0.3157894736842105,0.9992553983618764,0.8302469135802555,0.8264840182648407,0.05882352941176675,0.08424336973478727,0.7716262975778544
0.43146417445482876,0.2577319587628866,0.8571428571428569,0.56961664529001,0.6595297266297074,0.34042553191489355,0.6981132075471699,0.916666666666667,0.41025641025641024,0.43181818181818193,0.14035087719298245,0.9992553983618764,0.6419753086419736,0.8721461187214608,0.044117647058825066,0.03900156006240039,0.8206459054209921
0.38058151609553487,0.297823596792669,0.9419642857142861,0.5223029784808322,0.554578474479067,0.3191489361702129,0.6981132075471699,0.916666666666667,0.6410256410256411,0.6136363636363638,0.0,0.9985107967237528,0.47222222222222904,0.9406392694063932,0.2990196078431361,0.040561622464898396,0.9336793540945779
0.33489096573208726,0.2710958381061474,1.0,0.48995297135528004,0.625692984133053,0.36170212765957444,0.6981132075471699,1.0,0.7435897435897435,0.7045454545454547,0.03508771929824561,0.9985107967237528,0.28395061728394716,1.0,0.32843137254901944,0.0,1.0
0.21304949809622714,0.2306223749522719,0.9419642857142861,0.38705999714977907,0.7010131905945326,0.5106382978723405,0.09433962264150944,0.9583333333333327,0.6923076923076924,0.6363636363636364,0.017543859649122806,0.9702159344750558,0.16975308641974454,0.9726027397260264,0.3970588235294082,0.040561622464898396,0.9786620530565173
0.27916233991000355,0.06681939671630392,0.9285714285714285,0.3180846515604959,1.0,0.34042553191489355,0.09433962264150944,1.0,1.0,1.0,0.03508771929824561,0.9828741623231572,0.0,0.9315068493150676,0.3921568627451059,0.07176287051481982,0.9365628604382934
0.3400830737279336,0.14356624665903014,0.8392857142857144,0.4385064842525296,0.9156948958134201,0.6808510638297872,0.2452830188679245,0.8749999999999997,0.8205128205128207,0.840909090909091,0.22807017543859648,0.992553983618764,0.058641975308625624,0.84931506849315,0.47058823529411664,0.16068642745709558,0.8587081891580177
