0.6643020594965675,0.5596330275229356,0.8128654970760231,0.11498810467882638,0.619858469703671,1.0,1.0,0.0,0.8809523809523809,0.8653846153846153,1.0,1.0,1.0,0.7527472527472522,0.8897939626257784,0.8234007654455985,1.0
0.7045766590389015,0.457096600107933,0.6491228070175439,0.26116838487972516,0.4226006191950465,0.7727272727272727,1.0,0.0,0.6190476190476192,0.5192307692307693,0.0,1.0,0.6824858757062088,0.6208791208791212,0.9142309535218006,0.8693275013668668,0.9194745859508864
0.6844393592677345,0.6486778197517538,0.5906432748538014,0.0,0.7925696594427245,0.7045454545454545,1.0,0.03999999999999987,0.0,0.2307692307692307,0.2217741935483871,1.0,0.7039548022598873,0.5494505494505494,1.0,0.9589939857845822,0.9657338663620776
0.6240274599542334,0.5596330275229356,0.36842105263157854,0.154639175257732,0.6404245908889872,0.409090909090909,1.0,0.15999999999999984,0.04761904761904766,0.11538461538461531,0.4153225806451613,1.0,0.6271186440677898,0.34615384615384653,0.9175850503114515,0.9240021869874252,0.6847515705311261
0.37574370709382154,0.4954128440366973,0.40935672514619864,0.45889505683320114,0.7016806722689076,0.590909090909091,1.0,0.32000000000000006,0.21428571428571436,0.1923076923076923,0.4838709677419355,0.5755351681957187,0.6553672316384113,0.3901098901098905,0.8677527551509344,0.8720612356478961,0.658480868075387
0.08718535469107552,0.4284943335132218,0.38596491228070207,0.7224425059476607,0.8783724015922159,0.43181818181818177,1.0,0.5200000000000001,0.6190476190476192,0.5576923076923076,0.375,0.0,0.5864406779660936,0.36813186813186805,0.8500239578342106,0.8600328048113722,0.6179326099371775
0.25491990846681917,0.17053426875337288,0.4795321637426905,0.8802537668517052,0.7045555064130915,0.590909090909091,1.0,0.5000000000000002,0.7619047619047619,0.7692307692307692,0.3911290322580645,0.1492354740061162,0.5242937853107316,0.44505494505494525,0.8092956396741736,0.8097320940404599,0.633923472301544
0.34897025171624707,0.14247166756610904,0.4444444444444446,0.9452815226011104,0.6260504201680673,0.3409090909090908,1.0,0.44,0.5238095238095238,0.4999999999999999,0.40725806451612906,0.46055045871559636,0.44858757062147087,0.45604395604395603,0.7244849065644469,0.7331875341716788,0.534551684751569
0.31533180778032033,0.08526713437668651,0.49707602339181295,1.0,0.6822202565236621,0.43181818181818177,1.0,0.5000000000000002,0.8333333333333333,0.7307692307692307,0.45161290322580644,0.3357798165137615,0.4406779661016912,0.4615384615384614,0.7120268327743159,0.7206123564789507,0.5259851513420924
0.2080091533180778,0.0,0.49707602339181295,0.999471319058948,0.8115877930119417,0.3636363636363635,0.5882352941176469,0.5000000000000002,1.0,1.0,0.4314516129032258,0.37370030581039754,0.4621468926553696,0.44505494505494525,0.760900814566362,0.7670858392564253,0.5739577384351798
0.0,1.0,0.36842105263157854,0.7753106000528682,1.0,0.318181818181818,0.0,0.4200000000000001,0.6666666666666666,0.6538461538461537,0.46774193548387094,0.4941896024464832,0.5028248587570532,0.35714285714285726,0.8308576904647812,0.8447238928376168,0.58652198743575
0.36224256292906176,0.47058823529411753,0.1695906432748534,0.4961670631773726,0.6895179124281292,0.5681818181818182,1.0,0.44,0.5000000000000001,0.4999999999999999,0.4838709677419355,0.3785932721712538,0.4960451977401102,0.23626373626373606,0.8787733588883564,0.9092400218698741,0.5431182181610497
0.3691075514874142,0.5936319481921208,0.0,0.38038593708696805,0.8078283945157011,0.2045454545454545,1.0,0.3800000000000002,0.02380952380952383,0.03846153846153841,0.40725806451612906,0.4795107033639144,0.4824858757062114,0.0,0.9333972208912318,1.0,0.40662478583666556
0.31533180778032033,0.42471667566109006,0.04093567251462007,0.5794343113930743,0.6930561698363557,0.09090909090909075,1.0,0.44,0.02380952380952383,0.0,0.40725806451612906,0.727217125382263,0.43389830508474825,0.10989010989010949,0.9190225203641589,0.9671951886276661,0.4871501998857791
0.44279176201373,0.3092282784673503,0.38596491228070207,0.6878139043087498,0.524546660769571,0.159090909090909,1.0,0.6400000000000001,0.5476190476190476,0.4615384615384614,0.47580645161290325,0.9571865443425076,0.4406779661016912,0.5109890109890107,0.6952563488260665,0.6965554948059052,0.5476870359794407
0.7180778032036613,0.2617377226119806,0.6666666666666663,0.7549563838223633,0.24988942945599302,0.22727272727272724,1.0,0.6200000000000001,0.40476190476190477,0.3269230769230769,0.40725806451612906,0.9590214067278288,0.3717514124293735,0.7197802197802199,0.6320076665069474,0.6025150355385456,0.6413478012564258
1.0,0.3130059363194819,0.6491228070175439,0.541897964578377,0.0,0.0,1.0,0.6800000000000003,0.1666666666666667,0.1923076923076923,0.38306451612903225,0.9737003058103976,0.30960451977401154,0.9615384615384613,0.03402012458073692,0.030617823947512803,0.06796116504854743
0.7448512585812358,0.32649757150566644,0.847953216374269,0.5683320116309807,0.24834144183989396,0.068181818181818,1.0,0.76,0.6428571428571429,0.5769230769230769,0.31451612903225806,0.9755351681957186,0.21355932203389622,1.0,0.04024916147580242,0.028430836522689767,0.10679611650485678
0.8590389016018306,0.4268753372908796,0.9064327485380116,0.22997620935765276,0.25674480318443166,0.1136363636363635,1.0,0.9800000000000004,0.7380952380952381,0.673076923076923,0.3467741935483871,0.9914373088685016,0.15141242937853427,0.8956043956043959,0.024436990896022227,0.03444505194095263,5.711022273014118E-4
0.6576659038901602,0.47436589314624933,1.0,0.2622257467618293,0.4818664307828395,0.22727272727272724,1.0,0.9800000000000004,0.9523809523809523,0.846153846153846,0.3467741935483871,0.9883792048929664,0.07570621468926071,0.9615384615384613,0.0,0.0,0.024557395773847086
0.691304347826087,0.5029681597409605,0.923976608187135,0.1816019032513878,0.5033171163202124,0.159090909090909,0.0,1.0,0.7619047619047619,0.7307692307692307,0.3548387096774194,0.981651376146789,0.027118644067797567,0.9230769230769228,0.0033540967896492084,0.009841443411700752,0.0
0.691304347826087,0.5693470048569886,0.8304093567251466,0.07560137457044673,0.6245024325519682,0.3636363636363635,0.0,0.9600000000000001,0.7619047619047619,0.6923076923076922,0.3467741935483871,0.9064220183486239,0.0,0.8186813186813187,0.08816482989937591,0.10442864953526651,0.022844089091950966
0.7045766590389015,0.6071235833783054,0.8128654970760231,0.015331747290510227,0.6963732861565679,0.5,0.23529411764705882,0.9200000000000003,0.38095238095238093,0.44230769230769224,0.3346774193548387,0.891131498470948,0.006779661016942969,0.8626373626373627,0.08049832295160483,0.08966648441771538,0.050828098229586234
0.6576659038901602,0.6071235833783054,0.7953216374269007,0.06529209621993134,0.7140645731977001,0.5454545454545455,1.0,0.9600000000000001,0.09523809523809532,0.17307692307692304,0.36693548387096775,0.5259938837920489,0.013559322033898783,0.8131868131868133,0.1456636320076658,0.15636960087479565,0.09366076527698516
