0.41978691019786907,0.33293838862559255,0.3626373626373627,0.4567172568858909,0.3425925925925926,0.8500000000000001,0.6363636363636365,0.13207547169811307,0.7435897435897435,0.7446808510638295,0.028985507246376812,0.98989898989899,0.5898123324396571,0.36363636363636365,0.8299492385786791,0.7867298578199059,0.45538818076477505
0.22343987823439876,0.34597156398104273,0.324175824175824,0.29201798763350195,0.5356125356125356,0.7,0.6363636363636365,0.1509433962264152,0.5384615384615384,0.5106382978723403,0.30434782608695654,0.98989898989899,0.6568364611259838,0.33155080213903715,0.7436548223350267,0.7511848341232221,0.4073001158748571
0.09832572298325724,0.670616113744076,0.2582417582417576,0.11214165261382798,0.4508547008547008,0.5500000000000002,0.6363636363636365,0.20754716981132065,0.7692307692307694,0.829787234042553,0.43478260869565216,0.98989898989899,0.6729222520107181,0.26737967914438515,0.7512690355329965,0.8127962085308045,0.35225955967554884
0.03592085235920851,0.7950236966824646,0.12087912087912024,0.04890387858347386,0.5277777777777778,0.6250000000000002,0.6363636363636365,0.13207547169811307,0.8461538461538463,0.7659574468085105,0.6666666666666666,0.98989898989899,0.6380697050938294,0.11764705882352886,0.6522842639593882,0.8767772511848353,0.19061413673232955
0.0,0.48696682464454993,0.01648351648351613,0.0916245081506464,0.7115384615384615,0.5500000000000002,0.6363636363636365,0.11320754716981124,0.8205128205128207,0.8510638297872337,0.6811594202898551,0.98989898989899,0.557640750670219,0.021390374331550357,0.4898477157360372,0.8412322274881515,0.06546929316338332
0.38386605783866057,0.17417061611374413,0.06593406593406549,0.46852164137155694,0.663105413105413,1.0,0.6363636363636365,0.1509433962264152,1.0,1.0,1.0,0.98989898989899,0.72117962466486,0.06951871657753961,0.5177664974619327,0.8199052132701412,0.11413673232908624
0.6073059360730593,0.14573459715639808,0.17032967032967058,0.6753794266441819,0.6168091168091168,0.975,0.6363636363636365,0.11320754716981124,0.8974358974358976,0.8510638297872337,0.927536231884058,0.98989898989899,0.689008042895422,0.17112299465240663,0.6903553299492375,0.8578199052132733,0.247972190034761
0.7589041095890411,0.13744075829383898,0.24175824175824145,0.8147835862844293,0.5747863247863247,0.8500000000000001,1.0,0.03773584905660363,0.7435897435897435,0.7234042553191488,0.7246376811594203,0.98989898989899,0.6219839142090952,0.23529411764705865,0.7055837563451773,0.8127962085308045,0.3093858632676705
0.8660578386605784,0.17061611374407593,0.2582417582417576,0.9024732996065203,0.41381766381766383,0.725,1.0,0.018867924528301817,0.7692307692307694,0.702127659574468,0.8260869565217391,0.98989898989899,0.7372654155495942,0.26203208556149754,0.7284263959390869,0.8056872037914677,0.3389339513325615
0.919634703196347,0.17417061611374413,0.2747252747252747,0.9494097807757166,0.3696581196581196,0.6499999999999999,1.0,0.0,0.8461538461538463,0.8085106382978722,0.7101449275362319,0.98989898989899,0.7372654155495942,0.26737967914438515,0.779187817258883,0.8341232227488147,0.35921205098493497
1.0,0.2251184834123223,0.2747252747252747,1.0,0.13176638176638172,0.6749999999999999,1.0,0.0,0.717948717948718,0.7446808510638295,0.8115942028985508,1.0,0.967828418230562,0.26737967914438515,0.9314720812182803,0.9454976303317544,0.39455388180764644
0.830441400304414,0.14573459715639808,0.2582417582417576,0.8777403035413153,0.5170940170940171,0.5500000000000002,0.6363636363636365,0.0,0.4871794871794871,0.531914893617021,0.9130434782608695,1.0,1.0,0.26203208556149754,1.0,1.0,0.4078794901506379
0.4910197869101978,0.2867298578199053,0.17032967032967058,0.532883642495784,0.3618233618233618,0.3500000000000001,0.27272727272727293,0.03773584905660363,0.4871794871794871,0.46808510638297857,0.7536231884057971,1.0,0.9168900804289389,0.16577540106951905,0.8299492385786791,0.9620853080568763,0.27694090382387127
0.33028919330289197,0.6741706161137441,0.0,0.2315907813378302,0.0,0.5250000000000001,0.6363636363636365,0.13207547169811307,0.7435897435897435,0.680851063829787,0.9420289855072463,1.0,0.7855227882037361,0.0,0.3781725888324912,0.7772511848341291,0.018539976825031054
0.15190258751902588,0.9075829383886258,0.0,0.046374367622259695,0.23860398860398857,0.3,0.6363636363636365,0.13207547169811307,0.30769230769230776,0.2765957446808511,0.6811594202898551,1.0,0.804289544235921,0.016042780748662767,0.24619289340101957,0.6706161137440778,0.0
0.1339421613394216,0.778436018957346,0.049450549450549365,0.0921866216975829,0.32549857549857547,0.07500000000000007,0.6363636363636365,0.3207547169811319,0.15384615384615377,0.21276595744680837,0.7246376811594203,1.0,0.836461126005359,0.09090909090909091,0.2385786802030497,0.6018957345971587,0.06257242178447106
0.08949771689497715,1.0,0.13736263736263735,0.0,0.36467236467236475,0.0,0.27272727272727293,0.35849056603773555,0.0,0.0,0.4057971014492754,1.0,0.6729222520107181,0.26737967914438515,0.17766497461929082,0.40521327014218644,0.2039397450753169
0.25905631659056316,0.8246445497630334,0.2252747252747253,0.11720067453625631,0.03418803418803422,0.0,0.27272727272727293,0.5849056603773587,0.282051282051282,0.23404255319148934,0.17391304347826086,1.0,0.4101876675603124,0.4010695187165777,0.1446700507614184,0.2606635071090114,0.31517960602549083
0.22343987823439876,0.29976303317535546,0.3791208791208788,0.3026981450252951,0.5911680911680912,0.07500000000000007,1.0,0.3962264150943398,0.3333333333333333,0.3191489361702126,0.014492753623188406,1.0,0.3458445040214363,0.4224598930481281,0.07614213197969863,0.18957345971564393,0.32039397450753043
0.1607305936073059,0.23341232227488157,0.3956043956043949,0.2608206857785272,0.7215099715099715,0.09999999999999996,0.27272727272727293,0.45283018867924496,0.30769230769230776,0.3617021276595743,0.0,1.0,0.17962466487934473,0.4224598930481281,0.0837563451776685,0.19431279620853228,0.3227114716106619
0.26788432267884316,0.11255924170616115,0.46703296703296676,0.3712759977515458,0.819088319088319,0.05000000000000005,0.0,0.5660377358490565,0.23076923076923067,0.1914893617021276,0.2463768115942029,1.0,0.1152815013404686,0.5026737967914437,0.0,0.06398104265403078,0.37253765932792643
0.5001522070015221,0.0,0.7087912087912082,0.5896571107363686,1.0,0.2250000000000001,0.0,1.0,0.435897435897436,0.4255319148936168,0.6811594202898551,0.0,0.0,0.7326203208556149,0.20304568527918435,0.0,0.6286210892236394
0.6073059360730593,0.08293838862559243,1.0,0.6852164137155704,0.7827635327635327,0.2250000000000001,0.6363636363636365,0.8679245283018869,0.15384615384615377,0.29787234042553185,0.7101449275362319,1.0,0.0,1.0,0.7005076142132004,0.10900473933649968,1.0
0.660882800608828,0.17061611374407593,0.8461538461538456,0.7181000562113545,0.5227920227920227,0.47500000000000003,1.0,0.8490566037735848,0.35897435897435886,0.3191489361702126,0.6666666666666666,1.0,0.016085790884703792,0.8128342245989306,0.7131979695431472,0.29146919431279844,0.8342989571263028
