0.457671193296735,0.5511811023622047,0.688524590163935,0.6971463022508039,0.3281766035112116,0.787878787878788,0.6707317073170732,0.4571428571428572,0.0,0.0,0.5954198473282443,0.996742671009772,0.0,1.0,0.755376344086021,0.7315898141775632,0.8110480123902946
0.457671193296735,0.5767716535433071,0.7377049180327864,0.6272106109324759,0.32609073526855553,1.0,1.0,0.4285714285714287,0.1904761904761905,0.1844660194174757,0.5190839694656488,0.996742671009772,0.1870503597122255,0.7368421052631574,0.8005376344086013,0.790089470061941,0.7919463087248331
0.20340941924299338,0.5938320209973753,0.5901639344262292,0.6018890675241158,0.4811402746393187,0.818181818181818,0.6707317073170732,0.4571428571428572,0.1547619047619048,0.1844660194174757,0.7633587786259542,0.996742671009772,0.3291366906474926,0.56140350877193,0.8129032258064506,0.8114246386785977,0.7656169334021681
0.31349321005489744,0.6804461942257217,0.8524590163934427,0.4133842443729904,0.47297062402224926,0.6767676767676767,0.6707317073170732,0.7714285714285712,0.6071428571428573,0.5825242718446602,0.9847328244274809,0.996742671009772,0.3741007194244715,0.842105263157895,0.7752688172043,0.7598072952512042,0.7924625709860605
0.36434556486564573,0.7519685039370079,0.32786885245901554,0.27130225080385856,0.5515383278289588,0.8383838383838382,0.6707317073170732,0.5142857142857141,0.3928571428571429,0.3980582524271844,0.8854961832061069,0.996742671009772,0.4730215827338168,0.2982456140350874,0.791397849462365,0.8031658637302148,0.6855962829117203
0.737359144755851,0.7381889763779528,0.42622950819672134,0.08922829581993579,0.3877976707804624,0.8383838383838382,1.0,0.48571428571428565,0.5714285714285715,0.5339805825242718,0.8702290076335878,0.996742671009772,0.5935251798561128,0.3684210526315787,0.3096774193548385,0.31589814177563647,0.26381001548786914
0.6527015313493211,0.7024278215223098,0.4754098360655743,0.22186495176848878,0.3427776812098036,0.9292929292929293,0.6707317073170732,0.2857142857142859,0.41666666666666674,0.38834951456310673,0.8702290076335878,0.996742671009772,0.6043165467625983,0.43859649122806993,0.10752688172043147,0.1094287680660695,0.09602478058853889
0.5848020803236059,0.6515748031496064,0.5409836065573762,0.3902733118971061,0.29793151399269946,0.7575757575757576,0.6707317073170732,0.2,0.34523809523809534,0.33009708737864074,0.8244274809160306,0.996742671009772,0.6924460431654785,0.4561403508771924,0.0,0.0,0.0
0.6610806125397285,0.6112204724409449,0.37704918032786844,0.5020096463022509,0.21710411958977927,0.585858585858586,0.6707317073170732,0.2,0.45238095238095244,0.40776699029126207,0.7938931297709924,0.996742671009772,0.7571942446043305,0.33333333333333387,0.05322580645161293,0.05918788713007716,0.02426432627774939
0.6527015313493211,0.5984251968503937,0.16393442622950777,0.5466237942122186,0.21501825134712332,0.6969696969696969,1.0,0.08571428571428565,0.3928571428571429,0.36893203883495146,0.7633587786259542,0.996742671009772,0.7571942446043305,0.08771929824561368,0.34086021505376307,0.36063317274604345,0.23180175529168887
0.9407685639988443,0.5695538057742783,0.16393442622950777,0.6473070739549839,0.03528593777159745,0.1111111111111111,0.048780487804878044,0.08571428571428565,0.4642857142857144,0.44660194174757273,0.7786259541984732,0.996742671009772,0.8129496402877745,0.08771929824561368,0.1935483870967755,0.21266345492085423,0.09912235415591124
1.0,0.5649606299212598,0.16393442622950777,0.6694131832797428,0.0,0.595959595959596,1.0,0.0,0.3571428571428572,0.34951456310679613,0.8396946564885496,1.0,0.9334532374100909,0.12280701754386009,0.18172043010752711,0.1988988300068834,0.09602478058853889
0.8561109505923145,0.5672572178477691,0.21311475409836067,0.6569533762057879,0.08638970971666954,0.5252525252525253,1.0,0.0,0.2857142857142858,0.3106796116504854,0.8702290076335878,1.0,1.0,0.15789473684210492,0.33172043010752683,0.3475567790777696,0.2385131646876629
0.7711644033516324,0.5557742782152231,0.0,0.7011655948553054,0.1390578828437337,0.33333333333333337,0.6707317073170732,0.2,0.3690476190476192,0.3398058252427184,1.0,1.0,1.0,0.0,0.5376344086021497,0.562973158981419,0.38977800722767275
0.4830973707021092,0.4727690288713911,0.32786885245901554,0.9105707395498391,0.37145836954632366,0.0505050505050505,0.0,0.5428571428571426,0.511904761904762,0.5145631067961165,0.9465648854961832,1.0,0.9226618705036054,0.3508771929824563,0.8268817204301063,0.8362009635237442,0.7294785751161587
0.3051141288644901,0.4842519685039371,0.42622950819672134,0.8269694533762059,0.45419780983834523,0.3535353535353536,0.6707317073170732,0.5428571428571426,0.2380952380952381,0.262135922330097,0.5038167938931297,1.0,0.9892086330935349,0.5263157894736836,0.9387096774193545,0.9394356503785289,0.8704181724315947
0.110372724646056,0.495734908136483,0.8032786885245898,0.7516077170418006,0.5534503737180602,0.3636363636363636,1.0,0.6,0.34523809523809534,0.34951456310679613,0.183206106870229,1.0,0.8453237410072107,0.9473684210526312,0.9494623655913973,0.9291121816930502,0.9778007227671661
0.0,0.6735564304461943,0.950819672131147,0.5401929260450161,0.6268034069181297,0.0,0.0,0.5428571428571426,0.6547619047619049,0.6310679611650485,0.015267175572519083,1.0,0.7032374100719436,0.9122807017543864,0.9838709677419349,0.9655884377150717,1.0
0.2967350476740826,0.8234908136482939,0.4754098360655743,0.2483922829581994,0.6965061706935511,0.6060606060606062,0.6707317073170732,0.6285714285714284,0.6785714285714287,0.6407766990291262,0.0,1.0,0.5377697841726687,0.5438596491228076,1.0,1.0,0.930304594734126
0.7119329673504767,0.9376640419947506,0.7377049180327864,0.0,1.0,0.9191919191919191,0.6707317073170732,0.8857142857142857,1.0,1.0,0.25190839694656486,1.0,0.4172661870503728,0.7017543859649126,0.6827956989247318,0.6730901582931879,0.6804336602994324
0.5255706443224502,0.9481627296587927,0.8032786885245898,0.13283762057877818,0.9826177646445333,0.808080808080808,0.1829268292682927,0.7999999999999997,0.7976190476190478,0.7378640776699028,0.2595419847328244,1.0,0.3507194244604433,0.7894736842105262,0.6220430107526872,0.6083964211975229,0.64171399070728
0.2796879514591158,1.0,1.0,0.3468649517684888,0.9986094211715627,0.7373737373737373,0.25609756097560976,0.7999999999999997,0.7023809523809526,0.6796116504854368,0.2748091603053435,1.0,0.3615107913669084,0.9824561403508776,0.6247311827956993,0.6015141087405362,0.6876613319566339
0.05952036983530768,0.0,0.8524590163934427,0.6708199356913183,0.9824439422909786,0.8888888888888888,0.25609756097560976,1.0,0.8095238095238096,0.7281553398058251,0.48854961832061067,0.8208469055374593,0.3848920863309366,0.8771929824561399,0.5166666666666669,0.49827942188575397,0.565307176045432
0.2458826928633343,0.21916010498687663,0.8524590163934427,1.0,0.8687641230662264,0.8585858585858585,0.1829268292682927,0.8571428571428572,0.8333333333333336,0.7864077669902911,0.42748091603053434,0.0,0.3615107913669084,0.8947368421052624,0.5510752688172046,0.5320027529249828,0.6009292720702121
