1.0,0.2995424146427315,0.725563909774436,1.0,0.4081967213114754,0.2800000000000001,0.0,1.0,1.0,1.0,0.3285198555956679,0.5948979591836735,0.0,0.34302325581395365,1.0,0.9696969696969696,1.0
0.8199795431299011,0.27736712425202403,0.7593984962406013,0.9101356443104748,0.5426229508196722,0.36000000000000004,0.0,0.652173913043478,0.5416666666666666,0.7551020408163266,0.38267148014440433,0.6224489795918368,0.14234875444839326,0.33139534883720967,0.9690424766018724,0.9445887445887446,0.9594506213211266
0.3600409137401978,0.34530095036958824,0.7744360902255634,0.6335719668425019,0.41672131147540986,0.7200000000000002,0.6538461538461539,0.91304347826087,0.4791666666666666,0.7755102040816327,1.0,0.9918367346938776,0.2829181494661831,0.3372093023255806,0.9791216702663788,0.9515151515151508,0.9764551994767814
0.6000681895669964,0.2921506511791623,0.725563909774436,0.7854182366239638,0.5059016393442622,0.7200000000000002,0.6538461538461539,0.5217391304347837,0.35416666666666663,0.24489795918367352,0.9133574007220217,0.24387755102040817,0.35943060498221013,0.34883720930232665,0.9870410367170621,0.9549783549783554,0.9954218443427091
0.5499488578247529,0.3009503695881732,0.7744360902255634,0.7552750565184628,0.4845901639344263,0.7200000000000002,1.0,0.6086956521739137,0.33333333333333326,0.2244897959183674,0.9602888086642599,0.2602040816326531,0.41281138790035254,0.34302325581395365,0.961123110151189,0.9350649350649357,0.9574885546108584
0.5700647800886465,0.4308342133051743,0.5338345864661647,0.6418613413715147,0.09967213114754102,0.8800000000000001,0.3076923076923077,0.652173913043478,0.31249999999999994,0.18367346938775514,0.8989169675090253,0.3173469387755102,0.4021352313167322,0.3720930232558145,0.9625629949604034,0.9255411255411269,0.9875735775016362
0.5400613706102966,0.46779303062302013,0.6879699248120293,0.5746043707611154,0.04819672131147537,0.8800000000000001,1.0,0.5217391304347837,0.41666666666666663,0.30612244897959184,0.7111913357400722,0.3510204081632653,0.4234875444839932,0.24418604651162698,0.9056875449964,0.9168831168831169,0.8044473512099419
0.49982952608250936,0.5410066877859909,0.725563909774436,0.4423511680482291,0.0,0.8800000000000001,1.0,0.43478260869565205,0.33333333333333326,0.26530612244897966,0.8303249097472925,0.35714285714285715,0.4341637010676136,0.2790697674418609,0.608351331893448,0.6311688311688329,0.5199476782210595
0.3498124786907603,0.48152059134107716,0.5714285714285713,0.5035795026375283,0.1878688524590164,0.8400000000000001,0.3076923076923077,0.652173913043478,0.31249999999999994,0.2244897959183674,0.7545126353790613,0.6673469387755102,0.45729537366547796,0.18023255813953426,0.6889848812095041,0.739393939393941,0.5107913669064775
0.5400613706102966,0.33790918690601907,0.0,0.7300301431801055,0.36950819672131147,0.4400000000000001,0.3076923076923077,0.652173913043478,0.0625,0.18367346938775514,0.7833935018050542,0.7438775510204082,0.555160142348766,0.18023255813953426,0.7221022318214547,0.7705627705627703,0.5454545454545463
0.2601431980906921,0.2995424146427315,0.5714285714285713,0.5981537302185381,0.5406557377049181,0.7200000000000002,1.0,0.30434782608695765,0.16666666666666666,0.20408163265306123,0.0,0.0,0.7064056939501965,0.1686046511627903,0.5939524838012956,0.655411255411256,0.39764551994768
0.6099556767814525,0.3973952833509328,0.6315789473684209,0.7042200452147702,0.15901639344262294,0.76,1.0,0.43478260869565205,0.0,0.04081632653061226,0.1588447653429603,0.2857142857142857,0.7722419928825627,0.20930232558139517,0.7940964722822189,0.8259740259740257,0.6507521255722709
0.39993181043300374,0.36782822949665617,0.48872180451127845,0.6386586284853053,0.34918032786885245,0.6000000000000001,1.0,0.8695652173913041,0.08333333333333333,0.0,0.628158844765343,0.7653061224489796,0.7722419928825627,0.19186046511627822,0.7926565874730018,0.832034632034633,0.6311314584695887
0.3798158881691101,0.3875395987328406,0.3308270676691725,0.6134137151469481,0.31672131147540983,0.4000000000000001,0.3076923076923077,0.39130434782608775,0.6041666666666665,0.5510204081632654,0.032490974729241874,0.45714285714285713,0.8701067615658508,0.09302325581395363,0.9402447804175678,1.0,0.697187704381949
0.0,0.3044702569517776,0.5451127819548869,0.45666917859834216,0.5836065573770493,0.0,0.0,0.34782608695652195,0.43749999999999994,0.4081632653061225,0.1263537906137184,0.5693877551020409,0.9021352313167321,0.48837209302325607,0.0,0.0,0.05624591236102383
0.12990112512785545,0.8057022175290391,0.6654135338345862,0.23605877920120574,0.49836065573770494,0.32,0.44871794871794884,0.17391304347826175,0.7916666666666665,0.7551020408163266,0.061371841155234655,0.5887755102040816,0.9786476868327593,0.44767441860465124,0.11879049676025862,0.12294372294372236,0.14715500327011177
0.33003750426184797,0.9000351988736363,0.5939849624060144,0.11039939713639792,0.6242622950819672,0.76,1.0,0.0,0.8333333333333331,0.7755102040816327,0.12274368231046931,0.5795918367346938,1.0,0.1976744186046512,0.3398128149748031,0.412121212121214,0.15500327011118464
0.5298329355608592,0.8627243928194298,0.5338345864661647,0.004898266767143963,0.5085245901639344,0.7200000000000002,1.0,0.04347826086956582,0.7708333333333331,0.6938775510204083,0.1444043321299639,0.6459183673469387,0.957295373665478,0.0,0.3707703383729308,0.5082251082251075,0.0
0.5298329355608592,0.8975712777191132,0.5939849624060144,0.0,0.620327868852459,0.2800000000000001,0.14102564102564105,0.08695652173913164,0.8124999999999999,0.7346938775510206,0.19494584837545126,0.789795918367347,0.8487544483985897,0.1686046511627903,0.3390928725701946,0.4207792207792209,0.12622629169392055
0.4599386293897034,0.8504047870468145,0.7481203007518791,0.04691032403918617,0.48393442622950816,0.48000000000000015,0.3076923076923077,0.21739130434782603,0.6874999999999999,0.6326530612244898,0.18772563176895307,0.7959183673469388,0.7829181494662033,0.46511627906976816,0.33549316054715717,0.3160173160173174,0.3996075866579482
0.12990112512785545,1.0,0.7969924812030078,0.2413338357196685,0.7475409836065574,0.8800000000000001,1.0,0.43478260869565205,0.5208333333333333,0.5306122448979592,0.22743682310469315,0.8520408163265306,0.6957295373665559,0.6395348837209315,0.37580993520518263,0.29177489177489124,0.6088947024198839
0.0,0.9940161914818726,1.0,0.30237377543330823,0.681639344262295,0.56,0.0,0.652173913043478,0.8333333333333331,0.7551020408163266,0.20577617328519857,0.8540816326530613,0.6405693950178101,1.0,0.3556515478761699,0.14718614718614853,0.9234793982995441
0.06000681895669962,0.0,0.8796992481203006,0.4069329314242653,0.8085245901639344,0.6000000000000001,0.0384615384615385,0.652173913043478,0.6666666666666665,0.5714285714285715,0.1407942238267148,0.6316326530612245,0.6530249110320339,0.6104651162790706,0.41180705543556473,0.3350649350649351,0.6213211249182476
0.3900443232185476,0.09292502639915523,0.9398496240601504,0.5753579502637528,1.0,1.0,1.0,1.0,0.18749999999999997,0.30612244897959184,0.16606498194945848,1.0,0.555160142348766,0.6802325581395342,0.393808495320375,0.29437229437229395,0.6677567037279257
