0.2698744769874477,0.21955835962145112,0.44859813084112177,0.4234300403966214,0.5978674790555978,0.09259259259259256,0.0,0.2857142857142857,0.4743589743589743,0.4588235294117647,0.4838709677419355,1.0,0.0690909090908876,0.40092165898617527,0.7348837209302389,0.6368876080691621,0.45733407696597916
0.5828451882845188,0.16151419558359623,0.08878504672897254,0.699228791773779,0.69002284843869,0.07407407407407403,0.0,0.17142857142857185,0.3461538461538461,0.3647058823529412,0.4377880184331797,1.0,0.24363636363634875,0.050691244239631034,0.7116279069767386,0.896253602305472,0.089793641940882
0.8098326359832637,0.21261829652996841,0.04672897196261747,0.8960705104663974,0.5478547854785478,0.03703703703703707,0.0,0.11428571428571388,0.2692307692307692,0.2823529411764706,0.3824884792626728,1.0,0.42181818181817027,0.009216589861750949,0.41395348837208695,0.8587896253602274,0.0
0.9079497907949791,0.27949526813880127,0.266355140186916,0.9524421593830336,0.315054582381315,0.0555555555555556,0.6538461538461539,0.17142857142857185,0.2051282051282051,0.18823529411764706,0.5023041474654378,1.0,0.5127272727272612,0.23502304147465491,0.01860465116279692,0.5936599423631139,0.18014500836586755
1.0,0.31482649842271293,0.327102803738319,1.0,0.16019294237116016,0.03703703703703707,0.6538461538461539,0.1999999999999998,0.17948717948717946,0.2,0.5069124423963134,1.0,0.5563636363636264,0.30414746543778787,0.03720930232557732,0.5432276657060533,0.25711098717233616
0.8589958158995815,0.3924290220820189,0.3598130841121509,0.8011384502387073,0.0,0.03703703703703707,0.3076923076923077,0.1999999999999998,0.16666666666666663,0.14117647058823532,0.42857142857142855,1.0,0.5781818181818298,0.3179723502304151,0.09767441860465492,0.5489913544668571,0.2771890686001116
0.6257322175732217,0.4586750788643532,0.327102803738319,0.5567388909291223,0.029702970297029656,0.07407407407407403,1.0,0.1999999999999998,0.16666666666666663,0.14117647058823532,0.4930875576036866,0.9591836734693877,0.5345454545454644,0.29953917050691153,0.1999999999999967,0.587896253602305,0.27384272169548235
0.3679916317991631,0.5545741324921136,0.2850467289719639,0.30885053250091815,0.1538461538461538,0.03703703703703707,0.6538461538461539,0.17142857142857185,0.08974358974358974,0.09411764705882353,0.7695852534562212,0.7309833024118738,0.5999999999999918,0.26267281105990775,0.42325581395349365,0.6685878962536029,0.2665923034021203
0.1594142259414226,0.7072555205047318,0.23831775700934646,0.12284245317664341,0.3285097740543285,0.1111111111111111,0.44871794871794884,0.17142857142857185,0.21794871794871792,0.2,1.0,0.6623376623376623,0.5563636363636264,0.20737327188940044,0.6465116279069741,0.7651296829971187,0.24205242610150457
0.10418410041841006,0.6517350157728705,0.0,0.14506059493206022,0.40238639248540237,0.14814814814814817,0.6538461538461539,0.0,0.141025641025641,0.1176470588235294,0.0,0.5862708719851577,0.5999999999999918,0.11981566820276561,1.0,0.9135446685878933,0.20189626324595367
0.06736401673640169,1.0,0.04672897196261747,0.0,0.4866717440974866,0.1111111111111111,0.6538461538461539,0.11428571428571388,0.1923076923076923,0.17647058823529413,0.1935483870967742,0.0,0.6909090909090826,0.0,0.9860465116279065,1.0,0.07585052983825752
0.0,0.19242902208201898,0.07476635514018697,0.18821153139919208,0.6422949987306422,0.14814814814814817,0.44871794871794884,0.2857142857142857,0.11538461538461538,0.1176470588235294,0.45622119815668205,0.5064935064935064,0.7999999999999752,0.07373271889400923,0.8046511627906902,0.9020172910662808,0.12493028443948508
0.11652719665271968,0.059305993690851724,0.17757009345794508,0.2798384135145061,0.7344503681137344,0.018518518518518535,0.6538461538461539,0.7428571428571432,0.0,0.0,0.14746543778801843,0.7328385899814471,0.8909090909090661,0.1981566820276495,0.8604651162790644,0.8198847262247846,0.2660345789180128
0.23912133891213394,0.15268138801261827,0.191588785046729,0.3975394785163423,0.6785986290936786,0.0,1.0,0.5142857142857145,0.21794871794871792,0.21176470588235297,0.45161290322580644,0.9128014842300557,1.0,0.3133640552995388,0.5348837209302256,0.6570605187319853,0.33686558839933045
0.22698744769874477,0.1949526813880126,0.23831775700934646,0.38744032317297106,0.6306169078446306,0.1111111111111111,0.6538461538461539,0.4857142857142855,0.30769230769230765,0.3058823529411765,0.4055299539170507,0.7922077922077922,0.9781818181817967,0.5622119815668193,0.6279069767441772,0.4855907780979805,0.6134969325153384
0.55836820083682,0.21261829652996841,0.2850467289719639,0.6760925449871467,0.5750190403655749,0.03703703703703707,0.6538461538461539,0.4857142857142855,0.3205128205128205,0.3058823529411765,0.4377880184331797,0.7996289424860853,0.9563636363636348,0.6866359447004595,0.6697674418604579,0.39625360230547707,0.752370329057444
0.3742677824267783,0.22586750788643536,0.3738317757009348,0.5135879544619905,0.5737496826605737,0.18518518518518512,0.6538461538461539,0.5714285714285714,0.3974358974358974,0.4117647058823529,0.3870967741935484,0.6771799628942486,0.9345454545454314,0.9861751152073728,0.0,0.0,0.965978806469604
0.38033472803347285,0.25488958990536276,0.5654205607476638,0.5132207124495043,0.5265295760345264,0.0555555555555556,0.44871794871794884,0.8000000000000002,0.4102564102564102,0.4235294117647059,0.41013824884792627,1.0,0.7781818181818132,1.0,0.13953488372093562,0.02305475504323016,0.9994422755158965
0.39874476987447705,0.27003154574132493,0.6588785046728971,0.5247888358428204,0.49631886265549624,0.24074074074074073,0.6538461538461539,0.8857142857142861,0.5256410256410257,0.5529411764705882,0.35944700460829493,1.0,0.621818181818195,0.9723502304147456,0.01395348837209356,0.015850144092217855,0.9503625209146689
0.11652719665271968,0.30788643533123033,0.943925233644861,0.2787366874770474,0.553947702462554,0.18518518518518512,0.6538461538461539,0.8857142857142861,0.6282051282051282,0.6470588235294118,0.3225806451612903,1.0,0.5345454545454644,0.9861751152073728,0.22325581395348046,0.05187319884726402,1.0
0.16569037656903768,0.0529968454258675,0.9579439252336449,0.31913330885053254,0.7598375222137598,0.48148148148148145,0.6538461538461539,0.7714285714285712,0.6538461538461539,0.6470588235294118,0.33640552995391704,0.8682745825602969,0.37818181818180496,0.9539170506912437,0.24651162790698075,0.08501440922190322,0.9665365309537076
0.19016736401673642,0.028391167192429068,1.0,0.33272126331252294,0.7923330794617923,0.5555555555555556,0.6538461538461539,0.971428571428571,0.782051282051282,0.7882352941176469,0.39631336405529954,0.9109461966604824,0.15636363636361816,0.9539170506912437,0.15813953488371602,0.06195965417867305,0.9576129392080309
0.2575313807531381,0.026498422712933727,0.8084112149532711,0.38615497612926925,0.8283828382838283,0.7777777777777778,0.6538461538461539,1.0,1.0,1.0,0.47465437788018433,0.948051948051948,0.0,0.792626728110598,0.23720930232557402,0.21181556195965628,0.7964305633017278
0.5031380753138075,0.0,0.6869158878504682,0.5646345941975762,1.0,1.0,0.08974358974358977,0.8285714285714282,0.9358974358974359,0.9411764705882353,0.4976958525345622,1.0,0.09090909090909091,0.6543778801843321,0.21860465116279362,0.3170028818443827,0.6469604015616269
