1.0,0.7412158393753484,0.1133004926108372,0.27045454545454545,0.0,0.7297297297297297,0.6707317073170732,0.1153846153846153,0.7073170731707318,0.6976744186046512,0.601123595505618,0.9949494949494949,0.9266055045871541,0.5371900826446284,0.40092748735244543,0.37981551817688514,0.5055178268251272
0.584458711534204,0.8081427774679306,0.7783251231527093,0.2456439393939394,0.3424216765453006,1.0,0.6707317073170732,0.15384615384615394,0.6341463414634148,0.6046511627906976,0.6797752808988764,0.9924242424242424,0.9816513761467885,0.5785123966942151,0.4949409780775715,0.4720564297341297,0.6090831918505942
0.5908789019260571,0.8410485220301172,0.7290640394088667,0.19318181818181818,0.36189669771380184,0.810810810810811,0.6707317073170732,0.19230769230769226,0.43902439024390244,0.46511627906976744,0.6573033707865169,0.9949494949494949,1.0,0.3966942148760334,0.3722596964586858,0.361367335865437,0.4269949066213926
0.7077706442328979,0.8510875627440045,0.5270935960591133,0.12462121212121209,0.29466553767993225,0.864864864864865,0.6707317073170732,0.2692307692307692,0.9512195121951221,1.0,0.7303370786516854,0.9974747474747475,0.9816513761467885,0.3884297520661155,0.2550590219224285,0.24362452523060124,0.31281833616298765
0.7272526012840381,0.9235917456776354,0.15763546798029568,0.0,0.3671464860287892,0.8378378378378379,0.6707317073170732,0.15384615384615394,1.0,1.0,0.9101123595505618,0.9974747474747475,0.963302752293577,0.28925619834710786,0.19266441821247923,0.18773738469886062,0.21901528013582286
0.5129510737214965,0.8884551031790295,0.0,0.1702651515151515,0.4492802709568162,0.9189189189189191,1.0,0.15384615384615394,0.5609756097560976,0.5116279069767442,1.0,1.0,0.9174311926605396,0.1983471074380167,0.1602023608768982,0.16169289202387319,0.15365025466892981
0.2791675891078149,0.6904629113218069,0.17733990147783266,0.45492424242424245,0.5307366638441998,0.5945945945945947,0.6707317073170732,0.23076923076923092,0.34146341463414637,0.41860465116279066,0.9213483146067416,0.9949494949494949,0.8165137614678851,0.19008264462809954,0.0,0.0,0.0
0.41554128846579585,0.5627440044617958,0.4630541871921184,0.6017045454545454,0.44470787468247247,0.8378378378378379,1.0,0.07692307692307697,0.19512195121951223,0.16279069767441864,0.9269662921348315,0.98989898989899,0.7247706422018276,0.12396694214876063,0.04510961214165383,0.0504612045577862,0.020797962648556677
0.435023245516936,0.5448968209704406,0.5418719211822658,0.6284090909090909,0.4375952582557155,0.5945945945945947,1.0,0.03846153846153866,0.26829268292682934,0.20930232558139533,0.8146067415730337,0.9797979797979798,0.6422018348623847,0.09090909090909118,0.0910623946037104,0.09983722192078191,0.048811544991510414
0.3832189506309497,0.5527049637479086,0.42857142857142855,0.6034090909090909,0.47146486028789164,0.43243243243243246,1.0,0.03846153846153866,0.17073170731707318,0.11627906976744186,0.949438202247191,0.9570707070707071,0.6513761467889991,0.008264462809917179,0.2171163575042161,0.23277265328269045,0.13879456706281768
0.435023245516936,0.44339096486335755,0.4482758620689655,0.7401515151515151,0.497883149872989,0.7297297297297297,1.0,0.0,0.19512195121951223,0.11627906976744186,0.8146067415730337,0.7878787878787878,0.6422018348623847,0.0,0.30902192242833076,0.3266413456321217,0.22071307300509338
0.4480850121762231,0.6056887897378695,0.5566502463054186,0.5556818181818182,0.40795935647756143,0.6756756756756757,0.6707317073170732,0.3846153846153845,0.048780487804878044,0.0,0.7415730337078652,0.8005050505050505,0.6880733944954047,0.10743801652892554,0.33642495784148474,0.3472599023331528,0.2839558573853994
0.428603055125083,0.694366982710541,0.5270935960591133,0.44090909090909086,0.4171041490262489,0.8378378378378379,0.6707317073170732,0.6538461538461537,0.3170731707317073,0.2790697674418605,0.7528089887640449,0.0,0.6697247706422106,0.04958677685950454,0.35118043844856744,0.36625067824199714,0.27758913412563685
0.40912109807394287,0.7529280535415505,0.2709359605911329,0.371969696969697,0.44318374259102455,0.6756756756756757,0.6707317073170732,0.5384615384615384,0.39024390243902446,0.41860465116279066,0.7921348314606742,0.8181818181818182,0.6422018348623847,0.10743801652892554,0.32925801011804484,0.3396635919696135,0.2797113752122239
0.5260128403807837,0.8120468488566649,0.6502463054187193,0.26136363636363635,0.3850973751058425,0.43243243243243246,0.6707317073170732,0.769230769230769,0.43902439024390244,0.372093023255814,0.8258426966292135,0.9191919191919192,0.6330275229357877,0.44628099173553726,0.28920741989881954,0.2740097666847526,0.3658743633276736
0.42218286473323,0.8784160624651421,0.2709359605911329,0.22935606060606062,0.4960203217612193,0.43243243243243246,0.6707317073170732,0.5769230769230768,0.6341463414634148,0.6744186046511629,0.7247191011235955,0.9747474747474747,0.5596330275229416,0.3966942148760334,0.37436762225969716,0.363537710255018,0.42996604414261413
0.2791675891078149,1.0,0.38423645320197053,0.23503787878787877,0.6528365791701948,0.6216216216216218,0.6707317073170732,0.6538461538461537,0.7560975609756098,0.7906976744186047,0.6348314606741573,0.9949494949494949,0.4403669724770757,0.6859504132231405,0.2664418212478927,0.23223005968529617,0.4333616298811537
0.052025680761567425,0.5080870050195204,0.47783251231527074,0.5145833333333333,0.7131244707874683,0.4594594594594595,0.6707317073170732,0.6923076923076921,1.0,1.0,0.6573033707865169,0.9949494949494949,0.2844036697247694,0.6694214876033062,0.23018549747048878,0.19696147585458468,0.39303904923599287
0.0,0.006134969325153382,0.3349753694581279,0.5087121212121213,0.7950889077053345,0.43243243243243246,0.6707317073170732,0.7307692307692307,0.853658536585366,0.8372093023255813,0.5730337078651685,0.9671717171717171,0.19266055045872932,0.859504132231405,0.2390387858347387,0.19099294628323404,0.471561969439729
0.30529112242638917,0.03513664249860567,0.7931034482758621,0.7499999999999999,0.8848433530906012,0.0,0.0,0.8076923076923077,0.853658536585366,0.8372093023255813,0.5449438202247191,0.8308080808080808,0.11009174311926892,0.933884297520661,0.3326306913996634,0.27943570265870893,0.5887096774193555
0.5390746070400708,0.0,1.0,0.9089015151515151,1.0,0.4594594594594595,0.6707317073170732,0.846153846153846,0.9512195121951221,0.9302325581395349,0.5561797752808989,0.7348484848484849,0.009174311926614435,1.0,0.5434232715008438,0.4867064568638082,0.8153650254668934
0.584458711534204,0.09425543781372005,0.8423645320197043,1.0,0.8855207451312448,0.43243243243243246,0.6707317073170732,0.9615384615384617,0.7804878048780489,0.7906976744186047,0.5617977528089888,0.8737373737373737,0.0,0.7851239669421489,0.7213322091062404,0.6836679327183929,0.9028013582342956
0.4739871596192163,0.2018962632459565,0.6847290640394086,0.9160984848484849,0.733446232006774,0.6486486486486486,0.6707317073170732,1.0,0.5365853658536587,0.6279069767441862,0.5280898876404494,0.9949494949494949,0.03669724770642298,0.5123966942148761,0.9030354131534568,0.8893109061313073,0.9702886247877758
0.20788133717068852,0.2253206915783603,0.6699507389162562,0.6875,0.7424216765453006,0.6216216216216218,0.6707317073170732,0.9230769230769227,0.0,0.3023255813953488,0.0,0.8383838383838383,0.10091743119267188,0.3553719008264468,1.0,1.0,1.0
