0.1506305464736105,0.015912481352560928,0.09900990099009913,0.3022984028048305,0.8691079080638878,1.0,1.0,0.0,0.6551724137931034,0.7419354838709679,0.263768115942029,0.5,0.0,0.06637168141592897,0.0,0.510028653295131,0.010259179265657855
0.21228397944885566,0.0,0.08415841584158414,0.34261784183872224,0.9368913128165173,0.5905511811023623,1.0,0.03636363636363639,0.1724137931034483,0.25806451612903225,0.2782608695652174,0.5,0.2644230769231045,0.04867256637168117,0.04659498207884634,0.5530085959885424,0.0
0.16440915460065392,0.08204873197414221,0.08415841584158414,0.3278145695364238,0.7876899104012465,0.48818897637795294,0.0,0.0545454545454545,0.27586206896551724,0.4193548387096773,0.9768115942028985,0.5,0.3557692307692281,0.04867256637168117,0.060931899641575145,0.5616045845272246,0.0026997840172780802
0.2671648762260626,0.1730482347090999,0.11386138613861366,0.41585508375535646,0.637709388391118,0.6062992125984251,0.0,0.0,0.3793103448275862,0.4516129032258064,0.005797101449275362,0.5,0.4423076923077186,0.08407079646017677,0.02867383512544488,0.5157593123209158,0.029157667386608254
0.3834656702475479,0.15713575335653898,0.11386138613861366,0.514218932606155,0.6587456174522789,0.31496062992125984,1.0,0.0,0.5172413793103449,0.5806451612903226,0.0,0.5,0.3221153846154133,0.07522123893805308,0.02867383512544488,0.5214899713467107,0.024298056155506557
0.5754320411022886,0.17503729487817005,0.11386138613861366,0.6710167510712894,0.5730424620179198,0.4803149606299214,1.0,0.03636363636363639,0.9655172413793103,0.9677419354838709,0.008695652173913044,0.5,0.23557692307692282,0.08407079646017677,0.08243727598566199,0.5501432664756448,0.03671706263498803
0.8220457730032694,0.1904525111884634,0.11386138613861366,0.8689131281651733,0.4413712504869497,0.33070866141732286,1.0,0.0545454545454545,0.793103448275862,1.0,0.9536231884057971,0.5,0.14903846153848702,0.07522123893805308,0.16845878136200937,0.6103151862464208,0.04157667386608972
0.9656702475478747,0.21133764296369964,0.09900990099009913,0.9735099337748344,0.2738605375925205,0.22047244094488194,1.0,0.07272727272727278,0.7586206896551724,0.9354838709677419,0.9681159420289855,0.5,0.17788461538461406,0.07079646017699122,0.2293906810035845,0.6561604584527296,0.04373650107991334
1.0,0.2133267031327697,0.09900990099009913,1.0,0.24892871055707053,0.22834645669291345,1.0,0.0909090909090909,0.896551724137931,0.903225806451613,0.9797101449275363,0.5,0.3221153846154133,0.061946902654867124,0.3225806451612899,0.7191977077363928,0.051295896328293115
0.9042503503035965,0.183490800596718,0.04950495049504934,0.939813011297234,0.45734320218153485,0.5748031496062993,1.0,0.0909090909090909,0.896551724137931,1.0,0.9855072463768116,0.0,0.3557692307692281,0.022123893805309658,0.4444444444444402,0.8252148997134673,0.029697624190064636
0.6849602989257356,0.22028841372451513,0.0,0.7415270744059212,0.35099337748344367,0.31496062992125984,1.0,0.10909090909090917,0.793103448275862,0.8709677419354839,1.0,0.0,0.557692307692336,0.0,0.6917562724014261,1.0,0.04157667386608972
0.5754320411022886,0.3391347588264545,0.0346534653465348,0.5471367354888976,0.0,0.4094488188976379,1.0,0.1454545454545454,0.7586206896551724,0.8709677419354839,0.0,0.5,0.7355769230769501,0.02654867256637151,0.7204301075268837,1.0,0.06857451403887628
0.35614198972442784,0.4037792143212332,0.08415841584158414,0.34690299961044024,0.12037397740553174,0.5118110236220472,1.0,0.1454545454545454,0.6896551724137931,0.6774193548387097,0.02608695652173913,1.0,0.9134615384615642,0.11504424778761053,0.5842293906810047,0.8395415472779344,0.13768898488120895
0.08220457730032694,0.5052212829438091,0.06435643564356432,0.1657576938059992,0.4413712504869497,0.299212598425197,0.0,0.1454545454545454,1.0,1.0,0.08115942028985507,1.0,1.0,0.05752212389380527,0.7096774193548403,0.9656160458452709,0.10043196544276453
0.1711816907986922,0.7712580805569369,0.1782178217821784,0.0,0.3654070899883132,0.38582677165354334,0.0,0.2545454545454544,0.6896551724137931,0.7096774193548387,0.04927536231884058,0.5,0.9711538461538729,0.1637168141592921,0.40860215053762455,0.6905444126074485,0.16144708423326104
0.08897711349836525,0.8970661362506214,0.25742574257425727,1.947798987144485E-4,0.5703155434359174,0.4409448818897639,0.0,0.4363636363636362,0.0,0.16129032258064516,0.011594202898550725,0.5,0.9134615384615642,0.33185840707964603,0.27598566308243083,0.46418338108883234,0.30885529157667335
0.0,1.0,0.3663366336633665,0.0584339696143358,0.68679392286716,0.18897637795275593,0.0,0.5454545454545455,0.24137931034482762,0.32258064516129026,0.7739130434782608,0.5,0.8221153846153859,0.4026548672566373,0.19713261648745423,0.3553008595988603,0.3677105831533482
0.36992059785147124,0.40924912978617595,0.25742574257425727,0.3480716790027269,0.09388391118036618,0.11811023622047238,0.0,0.9818181818181816,0.0,0.0,0.6405797101449275,0.5,0.6778846153846414,0.7743362831858408,1.0,0.524355300859598,0.850431965442764
0.7466137319009809,0.27100944803580307,0.11386138613861366,0.746591351772497,0.09349435138293728,0.07086614173228353,0.0,1.0,0.1724137931034483,0.22580645161290325,0.30144927536231886,0.5,0.557692307692336,0.33185840707964603,0.2150537634408557,0.4269340974212058,0.29967602591792636
0.7603923400280241,0.2550969666832421,0.19306930693069296,0.7730814179976627,0.15387611998441764,0.1417322834645669,1.0,0.29090909090909095,0.896551724137931,0.9354838709677419,0.37971014492753624,0.5,0.4134615384615369,0.579646017699115,0.31541218637991913,0.27220630372493515,0.5577753779697611
0.7533862680990191,0.2605668821481849,0.321782178217822,0.7627580833657966,0.13478768991040127,0.09448818897637805,0.0,0.29090909090909095,0.8275862068965517,0.8709677419354839,0.4463768115942029,0.5,0.20673076923079578,0.6283185840707964,0.3261648745519626,0.23782234957020607,0.6052915766738652
0.5754320411022886,0.1382396817503729,1.0,0.6749123490455784,0.7140631086871835,0.0,0.0,0.3454545454545453,0.793103448275862,0.8387096774193549,0.4260869565217391,0.5,0.12019230769230532,1.0,0.4982078853046573,0.0,1.0
0.8493694535263895,0.11536548980606663,0.8118811881188124,0.9002726918582001,0.8418387222438644,0.1732283464566929,0.0,0.36363636363636376,0.7586206896551724,0.8064516129032258,0.4666666666666667,0.5,0.12019230769230532,0.743362831858407,0.4910394265232993,0.2320916905444111,0.746760259179265
0.7877160205511442,0.08204873197414221,0.9059405940594062,0.8367744448772886,1.0,0.11811023622047238,0.0,0.3454545454545453,0.6206896551724137,0.6774193548387097,0.45217391304347826,0.5,0.09134615384617828,0.8053097345132746,0.6344086021505364,0.2693409742120377,0.8277537796976228
