0.47413286302175195,0.21185917232859788,1.0,0.6604295130767595,0.6448202959830867,0.07142857142857142,0.1829268292682927,0.3461538461538468,0.0,0.0,0.0748663101604278,0.7312312312312312,0.9845360824742262,0.872549019607844,0.0,0.0,0.5101604278074819
0.5258671369782482,0.23347745521927113,1.0,0.7042313416967894,0.5563777307963353,0.6904761904761905,0.13414634146341467,0.038461538461538984,0.16666666666666669,0.11392405063291138,0.0,0.8123123123123123,0.9845360824742262,1.0,0.32701421800947844,0.19364599092284498,0.8930481283422448
0.5258671369782482,0.2520074119827053,0.8904109589041117,0.7042313416967894,0.47110641296687805,0.5238095238095237,0.13414634146341467,0.0,0.15151515151515152,0.1518987341772152,0.18181818181818182,0.8337087087087087,1.0,0.960784313725491,0.5071090047393367,0.3419062027231465,1.0
0.22427983539094654,0.3650401482396541,0.9383561643835616,0.423772060386987,0.22410147991543336,0.4285714285714286,0.08536585365853662,0.3076923076923078,0.24242424242424246,0.1772151898734177,0.7540106951871658,0.960960960960961,0.9922680412371058,0.9019607843137275,0.4454976303317517,0.3146747352496204,0.9016042780748603
0.29306290417401526,0.4681902408894379,0.8698630136986315,0.307250691048267,0.0,0.7142857142857143,1.0,0.4230769230769234,0.393939393939394,0.3544303797468354,1.0,1.0,0.9845360824742262,0.833333333333335,0.3443917851500775,0.2662632375189092,0.7540106951871621
0.06025867136978248,0.5713403335392218,0.26027397260273955,0.16819051669147353,0.2656800563777308,0.38095238095238093,0.13414634146341467,0.3846153846153844,0.09090909090909093,0.11392405063291138,0.93048128342246,1.0,0.9613402061855582,0.7745098039215681,0.33965244865719196,0.2859304084720131,0.6941176470588228
0.043209876543209874,0.6352686843730697,0.34931506849314997,0.12566446948756113,0.3241719520789288,0.1666666666666666,0.13414634146341467,0.3846153846153844,0.36363636363636365,0.3164556962025316,0.8074866310160428,0.4954954954954955,0.9136597938144235,0.5098039215686272,0.2180094786729875,0.2919818456883487,0.34866310160427777
0.12081128747795417,0.5126621371216801,0.5684931506849313,0.22134807569636403,0.18322762508809015,0.38095238095238093,0.08536585365853662,0.2307692307692312,0.46969696969696967,0.39240506329113917,0.9037433155080213,1.0,0.8427835051546355,0.34313725490196234,0.22432859399684427,0.35552193645990954,0.20320855614972969
0.0,0.5311920938851142,0.5000000000000012,0.20561343823091643,0.32804792107117686,0.04761904761904759,0.13414634146341467,0.1923076923076922,0.4545454545454546,0.39240506329113917,0.8342245989304813,0.13776276276276275,0.8028350515463804,0.3529411764705878,0.2101105845181708,0.3434190620272331,0.1957219251336892
0.008524397413286304,0.390982087708462,0.5684931506849313,0.2915160535828195,0.3678646934460888,0.4761904761904761,1.0,0.038461538461538984,0.4848484848484849,0.4430379746835443,0.8449197860962567,0.3795045045045045,0.8273195876288617,0.2058823529411774,0.22748815165876982,0.4069591527987886,0.07807486631016067
0.22427983539094654,0.3008029647930821,0.5000000000000012,0.4720391239634277,0.3671599718111346,0.07142857142857142,0.08536585365853662,0.038461538461538984,0.36363636363636365,0.3164556962025316,0.7914438502673797,0.3033033033033033,0.8273195876288617,0.09803921568627594,0.2480252764612944,0.45990922844175414,0.0
0.37918871252204583,0.26065472513897464,0.3904109589041105,0.5968530725069104,0.44890768146582094,0.19047619047619044,0.6707317073170732,0.038461538461538984,0.2272727272727273,0.1772151898734177,0.7593582887700535,0.10397897897897898,0.8904639175257701,0.1666666666666684,0.39810426540284577,0.5461422087745814,0.17860962566845046
0.4223985890652557,0.34527486102532423,0.45890410958904065,0.5617690835636828,0.13424947145877378,0.33333333333333326,1.0,0.1153846153846156,0.2575757575757576,0.22784810126582275,0.8288770053475936,0.08408408408408409,0.8505154639175151,0.3725490196078423,0.6461295418641402,0.6535552193645991,0.5721925133689789
0.30158730158730157,0.3085237801111797,0.5890410958904116,0.5203061875398681,0.3150105708245243,0.28571428571428575,0.6707317073170732,0.1923076923076922,0.42424242424242425,0.37974683544303794,0.6844919786096256,0.10097597597597598,0.8195876288659675,0.2549019607843154,0.5244865718799357,0.6051437216338879,0.3668449197860915
0.17254556143445035,0.36380481778875845,0.7191780821917826,0.3959174994684244,0.2653276955602537,0.02380952380952383,0.25609756097560976,0.038461538461538984,0.2878787878787879,0.2531645569620253,0.7486631016042781,0.09496996996996997,0.7641752577319532,0.5098039215686272,0.7851500789889436,0.7080181543116513,0.8053475935828859
0.07760141093474426,0.38017294626312537,0.0,0.3323410588985754,0.3181818181818182,0.3571428571428571,1.0,0.15384615384615458,0.4393939393939394,0.37974683544303794,0.8288770053475936,0.3066816816816817,0.708762886597939,0.0,0.45655608214849963,0.6475037821482582,0.0716577540106952
0.0,0.6559604694255713,0.17808219178082088,0.13459493940038272,0.37949260042283295,0.4761904761904761,1.0,0.3076923076923078,0.4090909090909091,0.3670886075949367,0.6737967914438503,0.0,0.6301546391752567,0.039215686274508985,0.4028436018957369,0.5930408472012114,0.07058823529412014
0.043209876543209874,0.9036442248301421,0.7602739726027408,0.09313204337656816,0.6465821000704721,0.0,0.0,0.3076923076923078,0.42424242424242425,0.39240506329113917,0.6310160427807486,0.07807807807807808,0.5360824742268007,0.6764705882352956,0.34755134281200867,0.3282904689863835,0.6053475935828889
0.14667842445620224,0.8406423718344659,0.780821917808221,0.0,0.5986610288935871,0.4285714285714286,0.6707317073170732,0.5769230769230766,0.6363636363636365,0.7468354430379747,0.8181818181818182,0.9722222222222222,0.39432989690720993,0.6764705882352956,0.27646129541864134,0.2738275340393313,0.5518716577540075
0.17254556143445035,1.0,0.8698630136986315,0.11290665532638743,0.8703312191684284,0.6904761904761905,0.08536585365853662,1.0,1.0,1.0,0.9679144385026738,1.0,0.29123711340206104,0.6666666666666666,0.29541864139020596,0.2919818456883487,0.5550802139037402
0.25867136978248095,0.0,0.7602739726027408,0.27152881139698065,1.0,0.6666666666666666,0.13414634146341467,0.538461538461539,0.7272727272727273,0.6962025316455696,0.8288770053475936,0.30105105105105107,0.17396907216493693,0.5098039215686272,0.4470774091627173,0.45839636913766757,0.5368983957219264
0.32745443856554973,0.08709079678814083,0.7397260273972605,0.4346162024239847,0.959830866807611,0.8333333333333331,0.13414634146341467,0.538461538461539,0.8333333333333334,0.7215189873417721,0.893048128342246,0.9834834834834835,0.07860824742266762,0.4215686274509803,0.7282780410742498,0.6959152798789695,0.6834224598930496
0.689594356261023,0.1967263743051266,0.5000000000000012,0.8026791409738465,0.7748414376321353,1.0,0.08536585365853662,0.4230769230769234,0.7575757575757576,0.6835443037974683,0.8877005347593583,0.8262012012012012,0.0,0.10784313725490145,0.8451816745655575,0.8925869894099876,0.48663101604277775
1.0,0.18252007411982704,0.5479452054794536,1.0,0.9760394644115573,0.9761904761904762,0.08536585365853662,0.3461538461538468,0.8181818181818182,0.7594936708860759,0.9090909090909091,0.9245495495495496,0.0,0.12745098039215594,1.0,1.0,0.6278074866310105
