0.5053012048192771,0.39416058394160564,0.0,0.6826526789059573,0.48265368228849664,0.2977346278317152,1.0,0.5000000000000003,0.0,0.0,0.05263157894736842,0.6594499707431246,1.0,0.014084507042253204,1.0,1.0,0.5701357466063401
0.6501204819277108,0.44525547445255437,0.09459459459459375,0.573997751967029,0.35012172854534396,0.0,0.0,0.5000000000000003,0.07999999999999971,0.09999999999999964,0.3684210526315789,0.6272674078408426,0.8788732394366322,0.056338028169014065,0.9131832797427619,0.9175257731958789,0.4660633484162803
0.7349397590361446,0.49635036496350315,0.054054054054052884,0.493318346446859,0.28788800973828366,0.13592233009708737,1.0,0.5714285714285715,0.35999999999999943,0.5250000000000004,0.2631578947368421,0.21591574019894674,0.6197183098591437,0.02816901408450766,0.9163987138263672,0.9261168384879734,0.4027149321266905
0.7950602409638554,0.36009732360097285,0.09459459459459375,0.5493942800049957,0.15353012781497266,0.20064724919093843,1.0,0.4285714285714285,0.43999999999999984,0.5750000000000002,0.47368421052631576,0.0,0.43098591549295556,0.11267605633802813,0.824758842443727,0.836769759450173,0.3619909502262365
0.7314457831325301,0.2822384428223843,0.09459459459459375,0.6335706257025103,0.18913572732805853,0.3786407766990292,1.0,0.4285714285714285,0.8,0.5999999999999996,0.8421052631578947,0.6038619075482738,0.3098591549295878,0.056338028169014065,0.8810289389067498,0.8934707903780105,0.3619909502262365
0.696144578313253,0.26520681265206764,0.09459459459459375,0.6614212564006495,0.22215459525258666,0.6213592233009708,1.0,0.21428571428571425,0.6399999999999999,0.5,0.8947368421052632,0.4435342305441779,0.13802816901408885,0.11267605633802813,0.8569131832797392,0.8625429553264627,0.43891402714931094
0.6996385542168674,0.0437956204379558,0.0,0.8111652304233796,0.14485696895922087,1.0,1.0,0.14285714285714304,0.6399999999999999,0.4500000000000002,0.9473684210526315,0.21708601521357518,0.05352112676054741,0.0,0.9581993569131836,0.967353951890037,0.4208144796380088
0.576024096385542,0.07785888077858855,0.3108108108108101,0.8279005869863869,0.30234327449786985,0.5857605177993529,1.0,0.0714285714285712,0.7599999999999995,0.9000000000000004,1.0,0.09888823873610299,0.07042253521126851,0.3521126760563376,0.6607717041800609,0.6597938144329935,0.5429864253393708
0.45228915662650593,0.23114355231143555,0.3918918918918906,0.7899338079180718,0.48858794887401097,0.6181229773462783,1.0,0.0,0.7599999999999995,0.5999999999999996,0.7894736842105263,0.34640140433001754,0.0,0.3802816901408453,0.643086816720255,0.640893470790377,0.561085972850673
0.40638554216867473,0.39416058394160564,0.27027027027026923,0.7362307980517049,0.5893183201460742,0.70873786407767,1.0,0.14285714285714304,1.0,1.0,0.7368421052631579,1.0,0.2253521126760464,0.25352112676056393,0.7106109324758847,0.7199312714776676,0.4117647058823577
0.0,0.16301703163017006,0.27027027027026923,1.0,1.0,0.679611650485437,1.0,0.0,0.5199999999999996,0.4249999999999998,0.7894736842105263,0.5664131070801638,0.38028169014085633,0.25352112676056393,0.774919614147909,0.7714776632302409,0.5927601809954759
0.576024096385542,0.6155717761557175,0.5270270270270264,0.5291619832646435,0.5086731588557517,0.6181229773462783,1.0,0.0,0.4,0.3250000000000002,0.7894736842105263,0.4967817437097718,0.4816901408450868,0.5211267605633798,0.47909967845658896,0.47938144329897125,0.47058823529411387
0.8657831325301205,0.846715328467153,0.6891891891891887,0.19482952416635438,0.40231284236153375,0.38511326860841427,1.0,0.0714285714285712,0.23999999999999985,0.375,0.7368421052631579,0.740784084259801,0.5352112676056342,0.7042253521126752,0.18327974276526887,0.2027491408934693,0.14027149321266422
1.0,1.0,0.608108108108107,0.0,0.43746195982958,0.1844660194174757,1.0,0.0714285714285712,0.15999999999999942,0.0,0.8421052631578947,0.37448800468110005,0.6197183098591437,0.6478873239436611,0.30868167202572383,0.31786941580755945,0.32579185520361603
0.7667469879518073,0.47931873479318715,0.7432432432432415,0.48507555888597476,0.24573950091296418,0.31067961165048547,1.0,0.0714285714285712,0.2,0.34999999999999964,0.631578947368421,0.7922761849034523,0.6901408450704122,0.7464788732394348,0.4035369774919577,0.3797250859106549,0.8325791855203665
0.6855421686746986,0.3844282238442819,0.8243243243243233,0.5903584363681779,0.2846926354230066,0.29126213592233013,1.0,0.0,0.6799999999999997,0.6500000000000004,0.5263157894736842,0.6559391456992393,0.6535211267605538,0.8450704225352097,0.3327974276527287,0.30584192439862223,0.8914027149321226
0.6819277108433734,0.19708029197080282,0.905405405405405,0.7126264518546273,0.21287279367011558,0.3980582524271845,1.0,0.14285714285714304,0.35999999999999943,0.5750000000000002,0.5789473684210527,0.81275599765945,0.8281690140845009,0.9154929577464783,0.2958199356913144,0.25945017182130675,1.0
0.7102409638554216,0.16301703163017006,0.8243243243243233,0.7243661795928563,0.16828971393791847,0.3268608414239482,1.0,0.0714285714285712,0.4,0.40000000000000036,0.631578947368421,0.7349327091866589,0.9126760563380424,0.859154929577463,0.21864951768488627,0.20618556701030588,0.6380090497737474
0.8657831325301205,0.19708029197080282,1.0,0.6369426751592357,0.0,0.38187702265372164,1.0,0.14285714285714304,0.4799999999999997,0.25,0.42105263157894735,0.5389116442363956,0.8957746478873213,1.0,0.0,0.0,0.39819004524887297
0.6537349397590361,0.0437956204379558,0.905405405405405,0.8251529911327589,0.20039561777236764,0.38511326860841427,1.0,0.2857142857142854,0.5199999999999996,0.2999999999999998,0.3157894736842105,0.6483323581041545,0.7408450704225434,0.901408450704225,0.1189710610932445,0.1151202749140902,0.47058823529411387
0.6325301204819277,0.0,0.8243243243243233,0.8596228300237293,0.21606816798539263,0.3042071197411004,1.0,0.35714285714285726,0.43999999999999984,0.3250000000000002,0.2631578947368421,0.8777062609713283,0.6197183098591437,0.8732394366197187,0.06752411575562386,0.07731958762886318,0.2533936651583752
0.5336144578313252,0.02676399026763977,0.8243243243243233,0.8717372299238167,0.3417528910529518,0.2524271844660194,1.0,0.6428571428571427,0.5599999999999994,0.5,0.15789473684210525,0.7267407840842598,0.4985915492957759,0.8450704225352097,0.08842443729903493,0.09965635738831634,0.2579185520361927
0.42048192771084325,0.05109489051094877,0.6891891891891887,0.8918446359435495,0.4835666463785758,0.5242718446601942,1.0,0.8571428571428577,0.6,0.25,0.05263157894736842,0.4511410181392627,0.29295774647886674,0.7323943661971816,0.14147909967845246,0.16151202749140567,0.11764705882352847
0.6466265060240964,0.5231143552311436,0.6486486486486478,0.5324091420007493,0.3913572732805843,0.3171521035598706,1.0,1.0,0.9199999999999996,0.6500000000000004,0.0,0.609713282621416,0.07042253521126851,0.6760563380281688,0.1575562700964614,0.1855670103092802,0.0
