0.28038228076972754,0.7741935483870964,0.3095238095238093,0.6015769944341371,0.7439363080910941,1.0,0.0,0.10000000000000009,0.8000000000000003,0.8529411764705882,0.88,0.3750504642712959,0.33950617283951223,0.30232558139534876,0.955137481910274,0.9480176211453736,0.9428815004262572
0.3295880149812734,1.0,0.4761904761904767,0.4735621521335807,0.783743751157193,0.9154929577464788,0.0,0.25,0.76,0.8088235294117646,1.0,0.6415018167137666,0.39660493827161153,0.4418604651162782,0.963096960926195,0.9488986784140971,1.0
0.32584269662921345,0.9501466275659819,0.3095238095238093,0.4967532467532467,0.7644880577670801,0.8556338028169014,0.0,0.10000000000000009,1.0,0.8823529411764705,0.92,0.5167541380702463,0.27469135802468636,0.37209302325581245,0.9652677279305366,0.9550660792951556,0.9752770673486786
0.4394937362779285,0.7947214076246336,0.09523809523809534,0.47649969078540505,0.5713756711720052,0.8098591549295775,0.0,0.04999999999999982,0.9000000000000004,0.8382352941176469,0.88,0.6463463867581752,0.19907407407408545,0.11627906976744153,1.0,1.0,0.9394714407502148
1.0,0.8768328445747796,0.6190476190476186,0.0,0.0,0.6302816901408449,0.0,0.10000000000000009,0.9400000000000005,0.7794117647058824,0.84,0.03471941865159467,0.1604938271605053,0.6279069767441855,0.5904486251808974,0.5823788546255511,0.6521739130434767
0.9431744801756426,0.8885630498533722,0.8571428571428581,0.036641929499072426,0.06961673764117765,0.5070422535211266,0.0,0.10000000000000009,0.8400000000000002,1.0,0.88,0.0,0.06635802469136766,0.8372093023255807,0.3219971056439923,0.31629955947136673,0.4211423699914753
0.9697791553661373,0.9090909090909085,1.0,4.638218923933385E-4,0.05721162747639332,0.5035211267605634,0.0,0.04999999999999982,0.8600000000000001,0.764705882352941,0.72,0.16431166733952363,0.0,1.0,0.0,0.0,0.11338448422847341
0.8864781092599768,0.9178885630498531,0.5476190476190488,0.05967841682127395,0.15423069801888534,0.8661971830985916,0.0,0.0,0.6400000000000001,0.588235294117647,0.64,0.156237383932176,0.02006172839506097,0.5581395348837197,0.10636758321273422,0.12158590308370175,0.10400682011935214
0.8296525894356193,0.8563049853372433,0.5476190476190488,0.1470315398886827,0.1710794297352341,0.3978873239436619,0.0,0.1499999999999999,0.7000000000000003,0.7058823529411765,0.6,0.7149777957206298,0.029320987654329327,0.5348837209302318,0.015195369030388766,0.03612334801762142,0.0
0.7575874983856387,0.7243401759530792,0.3809523809523814,0.29189857761286336,0.1675615626735789,0.5774647887323944,0.0,0.1499999999999999,0.48000000000000026,0.4264705882352944,0.64,0.8595074687121518,0.047839506172848496,0.37209302325581245,0.06874095513748119,0.09515418502202677,0.00937766410912127
0.6250807180679324,1.0,0.09523809523809534,0.22418058132343843,0.4834289946306239,0.6408450704225351,0.0,0.19999999999999973,0.6000000000000002,0.6176470588235292,0.6,0.863948324586193,0.06635802469136766,0.11627906976744153,0.17366136034732185,0.20704845814978207,0.05029838022165182
0.6819062378922899,0.785923753665689,0.0,0.30504019789734066,0.2908720607294947,0.454225352112676,0.0,0.0,0.66,0.588235294117647,0.48,0.7646346386758175,0.14197530864198613,0.0,0.22793053545585978,0.26431718061674037,0.07672634271099743
0.7387317577166475,0.9384164222873894,0.09523809523809534,0.16542980828695117,0.3253101277541197,0.44718309859154926,0.0,0.0,0.5800000000000003,0.5441176470588234,0.44,0.9241017359709326,0.19907407407408545,0.09302325581395363,0.19536903039073805,0.22907488986784247,0.06393861892583069
0.6893968745964096,0.7536656891495601,0.09523809523809534,0.3192640692640692,0.26439548231808924,0.4577464788732393,0.0,0.25,0.54,0.6029411764705884,0.48,0.916027452563585,0.25462962962962543,0.06976744186046367,0.19753979739507968,0.23171806167400996,0.06393861892583069
0.7462223944207672,0.7126099706744866,0.16666666666666738,0.30689548546691403,0.17478244769487125,0.2957746478873239,0.0,0.25,0.44,0.4705882352941175,0.4,0.693984658861526,0.29320987654320557,0.11627906976744153,0.18813314037626513,0.22026431718061643,0.06649616368286404
0.7462223944207672,0.618768328445748,0.23809523809523728,0.37167594310451446,0.1236807998518794,0.35915492957746475,0.0,0.6000000000000001,0.45999999999999996,0.4411764705882352,0.24,0.9604360113039968,0.3209876543209931,0.27906976744185885,0.14182344428364563,0.16916299559471357,0.05882352941176399
0.7387317577166475,0.6304985337243397,0.4761904761904767,0.3692022263450835,0.1383077207924458,0.2429577464788732,0.0,0.6999999999999997,0.40000000000000013,0.35294117647058826,0.08,0.895841744045216,0.3302469135802439,0.4651162790697661,0.05354558610708986,0.07577092511013388,0.02301790281329711
0.5947307245253778,0.5161290322580648,0.3809523809523814,0.532312925170068,0.26309942603221637,0.30633802816901406,0.0,0.9499999999999997,0.35999999999999993,0.3823529411764708,0.12,1.0,0.40586419753086234,0.37209302325581245,0.0933429811866845,0.11806167400881071,0.03495311167945476
0.45460415859486,0.3929618768328445,0.23809523809523728,0.6816635745207174,0.3988150342529161,0.15845070422535215,0.0,0.8999999999999999,0.33999999999999997,0.3088235294117649,0.16,0.5732741219216795,0.5092592592592684,0.23255813953488305,0.27206946454413766,0.29603524229075034,0.18925831202045873
0.5076843600671576,0.45454545454545425,0.3095238095238093,0.6184291898577612,0.35030549898167007,0.0,0.0,0.8999999999999999,0.15999999999999984,0.2205882352941176,0.0,0.2926927735163504,0.6126543209876568,0.3255813953488367,0.11794500723588781,0.14449339207048567,0.05115089514066395
0.2727624951569159,0.45454545454545425,0.16666666666666738,0.7425788497217068,0.6524717644880578,0.3767605633802816,0.0,0.9499999999999997,0.019999999999999934,0.0,0.16,0.47678643520387565,0.7175925925925871,0.1860465116279052,0.1968162083936316,0.22555066079295144,0.09548167092923997
0.07955572775410044,0.0,0.09523809523809534,1.0,0.8389187187557859,0.20422535211267606,0.0,1.0,0.0800000000000001,0.17647058823529427,0.12,0.7981429148163101,0.8395061728395122,0.09302325581395363,0.3357452966714901,0.36299559471365817,0.21909633418584679
0.041715097507426024,0.2492668621700878,0.09523809523809534,0.928416821273964,0.9177930012960562,0.20422535211267606,0.0,1.0,0.18000000000000013,0.33823529411764713,0.32,0.5329027048849415,0.8580246913580314,0.13953488372092943,0.3509406657018814,0.37621145374449566,0.24467178175618026
0.0,0.43401759530791795,0.16666666666666738,0.892547928262214,1.0,0.22183098591549288,0.0,1.0,0.0,0.13235294117647062,0.36,0.7880500605571256,1.0,0.1860465116279052,0.352387843704775,0.3753303964757721,0.26001705029838035
