0.19288845591816858,0.8265402843601894,0.8831168831168834,0.0739053404201468,0.5009082652134423,1.0,0.64,0.8888888888888893,0.782608695652174,0.75,0.2396694214876033,0.912751677852349,0.550387596899223,0.9402985074626865,0.0,0.0,0.2876712328767095
0.028494885533365807,0.9630331753554502,0.8311688311688314,0.004049607694254619,0.7842870118074478,0.8759689922480619,0.64,0.7407407407407409,0.6231884057971014,0.6375,0.19008264462809918,0.9530201342281879,0.550387596899223,0.8955223880597024,0.015624999999998897,0.02053712480253021,0.24315068493151068
0.0,1.0,0.8311688311688314,0.0,0.8374205267938238,0.5736434108527132,0.64,0.7037037037037037,0.391304347826087,0.44999999999999996,0.4628099173553719,0.9798657718120806,0.550387596899223,0.8656716417910449,0.03977272727272538,0.04581358609794596,0.24315068493151068
0.07866536775450562,0.29668246445497626,0.7922077922077921,0.09997468995191092,0.8306085376930064,0.6201550387596899,0.42666666666666675,0.5185185185185185,0.1739130434782609,0.17499999999999993,0.0,0.9697986577181208,0.4186046511627914,0.8358208955223889,0.02982954545454656,0.04107424960506042,0.16780821917807953
0.20725767169995132,0.0,0.8311688311688314,0.22703113135914962,1.0,0.5891472868217054,0.42666666666666675,0.5925925925925927,0.0,0.0,0.4132231404958678,1.0,0.3565891472868201,0.8656716417910449,0.024147727272726485,0.03159557661927811,0.20890410958903977
0.414271797369703,0.12037914691943129,0.8311688311688314,0.4512781574284992,0.9346049046321527,0.5348837209302325,0.42666666666666675,0.48148148148148157,0.14492753623188406,0.1499999999999999,0.4462809917355372,0.9966442953020134,0.3875968992248057,0.880597014925373,0.04829545454545297,0.050552922590837115,0.29109589041096023
0.6714564052605944,0.23317535545023702,0.7532467532467529,0.712730954188813,0.6993642143505904,0.4573643410852712,0.42666666666666675,0.3333333333333332,0.21739130434782608,0.1875,0.7107438016528925,0.9697986577181208,0.19379844961240286,0.7910447761194035,0.07244318181817945,0.0837282780410752,0.18150684931507033
0.9571358986848515,0.28341232227488156,0.7142857142857147,0.9896228802834725,0.46094459582198005,0.4108527131782946,0.64,0.48148148148148157,0.40579710144927533,0.38749999999999996,0.8429752066115702,1.0,0.02325581395348188,0.761194029850746,0.07670454545454325,0.09162717219589753,0.13698630136985934
0.8857769118363371,0.38957345971563984,0.7922077922077921,0.8577575297393064,0.17756584922797458,0.4806201550387596,0.64,0.18518518518518523,0.391304347826087,0.5,1.0,0.040268456375838924,0.0,0.8208955223880595,0.024147727272726485,0.03791469194312924,0.1267123287671193
0.9357038480272771,0.42369668246445497,0.7532467532467529,0.8780055682105796,0.0404178019981835,0.33333333333333326,0.64,0.07407407407407383,0.8405797101449276,0.825,0.9173553719008265,0.8859060402684564,0.0,0.7761194029850754,0.04829545454545297,0.06477093206951058,0.09931506849314985
0.7715538236726743,0.5033175355450237,0.6233766233766236,0.6628701594533031,0.0,0.15503875968992245,0.0,0.0,0.5942028985507245,0.5374999999999999,0.8181818181818182,0.9731543624161074,0.14728682170542443,0.6716417910447765,0.1221590909090887,0.14375987361769463,0.07876712328766973
0.42133463224549444,0.5165876777251184,0.5844155844155843,0.36319919007846113,0.3710263396911898,0.5891472868217054,1.0,0.11111111111111108,0.4927536231884058,0.5249999999999999,0.628099173553719,0.9697986577181208,0.2635658914728632,0.611940298507463,0.13494318181818007,0.16429699842022483,0.0
0.2143205065757428,0.7734597156398104,0.5844155844155843,0.10351809668438372,0.4795640326975477,0.0,0.0,0.03703703703703692,0.5507246376811593,0.5,0.4793388429752066,0.8422818791946308,0.21705426356588475,0.5671641791044775,0.17187499999999795,0.2006319115323885,0.0
0.11422308816366296,0.6663507109004738,0.5454545454545462,0.08301695773221969,0.6734786557674841,0.007751937984496131,0.0,0.4074074074074074,0.6086956521739131,0.7124999999999999,0.628099173553719,0.9161073825503355,0.21705426356588475,0.5522388059701495,0.21590909090909216,0.24170616113744328,0.07191780821918041
0.10716025328787143,0.5763033175355449,0.5844155844155843,0.09541888129587446,0.7102633969118983,0.3565891472868217,0.10666666666666666,0.6296296296296295,0.5507246376811593,0.5874999999999999,0.768595041322314,0.0,0.2635658914728632,0.5820895522388069,0.25426136363636126,0.2717219589257502,0.21232876712329052
0.3071115440818315,0.4502369668246445,0.6753246753246755,0.29283725639078717,0.5640326975476839,0.3953488372093023,0.64,0.8148148148148148,0.6521739130434783,0.7249999999999999,0.6776859504132231,0.9496644295302014,0.2868217054263451,0.641791044776119,0.2769886363636365,0.2827804107424981,0.3732876712328807
0.4427666829030687,0.19336492890995263,0.6753246753246755,0.48089091369273607,0.8215258855585831,0.3410852713178294,0.10666666666666666,0.5185185185185185,0.7101449275362319,0.75,0.45454545454545453,0.9563758389261745,0.3410852713178273,0.7014925373134325,0.31107954545454686,0.30489731437598827,0.5582191780821896
0.5143692157817829,0.2767772511848341,0.7142857142857147,0.5431536319919008,0.6612170753860127,0.3565891472868217,0.18666666666666662,0.7407407407407409,1.0,1.0,0.5371900826446281,0.8926174496644296,0.2868217054263451,0.746268656716418,0.29971590909090673,0.28751974723538926,0.6130136986301407
0.7501217730151,0.16018957345971568,0.7532467532467529,0.8013161225006328,0.8728428701180745,0.5813953488372093,0.27999999999999997,0.6666666666666667,0.5652173913043479,0.9624999999999999,0.71900826446281,0.8422818791946308,0.4263565891472804,0.7910447761194035,0.2784090909090928,0.2638230647709335,0.6472602739725994
0.8429128105211886,0.30995260663507107,1.0,0.8628195393571247,0.432788374205268,0.5736434108527132,0.05333333333333333,0.8148148148148148,0.782608695652174,0.75,0.768595041322314,0.8187919463087249,0.4728682170542589,1.0,0.18465909090908933,0.15323854660347694,0.815068493150679
0.9785679493424259,0.38672985781990515,0.7532467532467529,0.9483675018982536,0.11625794732061756,0.8449612403100774,0.27999999999999997,0.8148148148148148,0.5652173913043479,0.6125,0.7520661157024794,0.912751677852349,0.6124031007751942,0.7910447761194035,0.34801136363636476,0.3254344391785185,0.8047945205479389
1.0,0.34312796208530805,0.5064935064935069,1.0,0.2406902815622162,0.6046511627906976,0.64,1.0,0.753623188405797,0.7,0.743801652892562,0.8657718120805369,0.7209302325581293,0.5223880597014934,0.6519886363636352,0.6271721958925756,1.0
0.8144179249878227,0.38293838862559243,0.16883116883116975,0.7944824095165781,0.24977293369663942,0.813953488372093,0.64,0.9259259259259262,0.5942028985507245,0.625,0.6115702479338843,0.9496644295302014,0.8837209302325465,0.19402985074626852,0.9204545454545442,0.9052132701421769,1.0
0.8071115440818316,0.4104265402843601,0.0,0.7696785623892686,0.1866485013623978,0.7131782945736433,0.64,0.7777777777777779,0.753623188405797,0.8374999999999999,0.49586776859504134,0.7080536912751678,1.0,0.0,1.0,1.0,0.8287671232876698
