1.0,0.2923076923076922,0.23036649214659566,1.0,0.9066901408450705,1.0,0.2727272727272727,0.2553191489361701,1.0,1.0,0.10344827586206896,0.9991273996509599,0.559036144578301,0.2338308457711453,0.0,0.35344827586207317,0.09880564603691763
0.9729729729729729,0.4871794871794871,0.18324607329842818,0.9892670959828274,0.4383802816901408,0.8333333333333335,0.2727272727272727,0.2765957446808505,0.9722222222222223,0.9069767441860467,0.3620689655172414,0.9991273996509599,0.766265060240956,0.18905472636816034,0.14736842105262463,0.46767241379310215,0.08469055374592775
0.8289312039312039,0.6076923076923076,0.13089005235602094,0.8163140141061024,0.20290492957746478,0.7857142857142858,0.2727272727272727,0.17021276595744622,0.8055555555555555,0.744186046511628,0.5344827586206896,1.0,0.913253012048189,0.13432835820895492,0.4140350877192929,0.6487068965517225,0.08360477741585427
0.6305282555282554,0.7384615384615384,0.015706806282723106,0.5728304201165286,0.06073943661971827,0.5476190476190478,0.2727272727272727,0.12765957446808468,0.6944444444444445,0.744186046511628,0.43103448275862066,1.0,0.9566265060241081,0.014925373134328913,0.56140350877193,0.8383620689655183,0.0
0.5586609336609335,0.7794871794871793,0.0,0.4875804967801288,0.04577464788732391,0.4523809523809524,0.2727272727272727,0.10638297872340427,0.7222222222222222,0.6511627906976744,0.603448275862069,1.0,1.0,0.0,0.8736842105263111,1.0,0.042345276872965805
0.4054054054054054,0.8474358974358974,0.09947643979057472,0.32168046611468876,0.07262323943661973,0.42857142857142855,0.2,0.06382978723404195,0.638888888888889,0.558139534883721,0.4482758620689655,1.0,0.9566265060241081,0.10945273631840907,0.8807017543859563,0.8943965517241387,0.1460369163952218
0.37837837837837834,0.9423076923076923,0.14659685863874403,0.25084329960134927,0.0,0.38095238095238093,0.2,0.042553191489361555,0.6944444444444445,0.6046511627906976,0.39655172413793105,1.0,0.8843373493975853,0.13930348258706512,0.8210526315789407,0.8318965517241387,0.16612377850162735
0.2073095823095823,0.9910256410256408,0.16753926701570696,0.0996626801594603,0.1254401408450704,0.40476190476190477,0.2727272727272727,0.06382978723404195,0.6666666666666666,0.6279069767441862,0.2413793103448276,0.9991273996509599,0.7518072289156679,0.16417910447761272,0.5473684210526271,0.6831896551724161,0.1346362649294233
0.07217444717444715,1.0,0.13089005235602094,0.0,0.2566021126760563,0.2857142857142857,0.2727272727272727,0.08510638297872311,0.9166666666666667,0.8604651162790699,0.43103448275862066,0.9991273996509599,0.7518072289156679,0.14427860696517536,0.5649122807017464,0.7112068965517225,0.11889250814332321
0.0,0.19871794871794868,0.09947643979057472,0.010119595216191355,0.6941021126760564,0.38095238095238093,0.2,0.042553191489361555,0.6666666666666666,0.6279069767441862,0.3448275862068966,1.0,0.7373493975903523,0.10447761194029885,0.9368421052631555,0.9245689655172409,0.15255157437567807
0.31541769041769036,0.441025641025641,0.09947643979057472,0.33670653173873044,0.5664612676056338,0.23809523809523805,0.2,0.0212765957446804,0.33333333333333326,0.3023255813953488,0.3448275862068966,0.9991273996509599,0.7807228915662715,0.10945273631840907,0.6947368421052518,0.8081896551724161,0.11074918566775285
0.1262285012285012,0.3743589743589743,0.11518324607329783,0.14719411223551054,0.6223591549295775,0.26190476190476186,0.2,0.0212765957446804,0.38888888888888884,0.3255813953488373,0.08620689655172414,0.9912739965095986,0.8096385542168751,0.11442786069651753,0.96140350877192,0.9224137931034527,0.1677524429967414
0.18028255528255524,0.2115384615384615,0.11518324607329783,0.18399264029438822,0.7618838028169014,0.2857142857142857,0.2,0.0,0.5555555555555557,0.5116279069767442,0.1206896551724138,0.0,0.8096385542168751,0.11940298507462777,0.9929824561403423,0.9375,0.17589576547231178
0.06326781326781322,0.0,0.13089005235602094,0.03373198405397117,0.8314260563380282,0.26190476190476186,1.0,0.0212765957446804,0.24999999999999997,0.25581395348837205,0.0,0.849912739965096,0.8240963855421634,0.12935323383084646,1.0,0.9267241379310366,0.18946796959826492
0.36025798525798525,0.06282051282051289,0.23036649214659566,0.3088009812940815,1.0,0.19047619047619052,0.0363636363636364,0.08510638297872311,0.4166666666666668,0.41860465116279066,0.017241379310344827,0.9991273996509599,0.706024096385534,0.26865671641791156,0.96140350877192,0.7693965517241387,0.3099891422366983
0.36947174447174436,0.17051282051282043,0.38219895287958133,0.35387917816620673,0.8864436619718311,0.14285714285714285,0.07272727272727271,0.19148936170212738,0.2222222222222223,0.23255813953488372,0.017241379310344827,0.9956369982547993,0.5879518072289046,0.4378109452736328,0.8771929824561399,0.5538793103448323,0.45494028230184663
0.27917690417690416,0.2205128205128205,0.5130890052356023,0.28058877644894203,0.7940140845070423,0.0714285714285715,0.0363636363636364,0.2978723404255317,0.33333333333333326,0.2790697674418605,0.05172413793103448,0.9991273996509599,0.4265060240963835,0.5920398009950251,0.8596491228070081,0.3836206896551753,0.5966340933767669
0.2702702702702703,0.06282051282051289,0.5497382198952883,0.22968414596749465,0.9388204225352113,0.023809523809523832,0.0,0.4680851063829786,0.24999999999999997,0.18604651162790695,0.15517241379310345,0.9991273996509599,0.4722891566265174,0.5970149253731335,0.8982456140350881,0.3965517241379345,0.6080347448425615
0.05405405405405404,0.2294871794871795,0.649214659685863,0.06531738730450778,0.6998239436619718,0.0,0.0363636363636364,0.4680851063829786,0.611111111111111,0.48837209302325574,0.05172413793103448,0.9694589877835951,0.354216867469888,0.7363184079601987,0.887719298245614,0.24568965517241617,0.7383279044516832
0.30620393120393113,0.2833333333333334,0.8848167539267003,0.31769395890831037,0.7376760563380281,0.2857142857142857,0.07272727272727271,0.5957446808510634,0.5000000000000001,0.41860465116279066,0.13793103448275862,0.9633507853403142,0.17590361445783667,0.9154228855721385,0.975438596491223,0.09698275862069361,0.9201954397394144
0.41431203931203925,0.3743589743589743,1.0,0.4342226310947562,0.6514084507042254,0.19047619047619052,0.12727272727272732,1.0,0.8611111111111112,0.7674418604651163,1.0,0.9450261780104712,0.10361445783131382,1.0,0.964912280701749,0.0,1.0
0.5224201474201473,0.5987179487179487,0.8848167539267003,0.522232444035572,0.323943661971831,0.21428571428571436,0.2727272727272727,0.8297872340425531,0.36111111111111116,0.46511627906976744,1.0,0.7705061082024433,0.10361445783131382,0.8955223880597012,0.989473684210526,0.125,0.9049945711183511
0.5316339066339065,0.5987179487179487,0.8010471204188487,0.5311254216498007,0.320862676056338,0.2857142857142857,0.2727272727272727,0.7872340425531914,0.24999999999999997,0.2790697674418605,0.27586206896551724,0.7626527050610821,0.0,0.8407960199004975,0.9789473684210518,0.17887931034482468,0.8512486427795868
0.8648648648648647,0.6987179487179486,0.9162303664921465,0.8095676172953081,0.0030809859154929706,0.26190476190476186,0.2727272727272727,0.659574468085106,0.0,0.0,0.5172413793103449,0.6422338568935427,0.11807228915662935,0.8855721393034824,0.9543859649122748,0.11637931034482468,0.8903365906623245
