1.0,0.00775193798449605,0.3722627737226278,1.0,0.8672302337145698,0.9500000000000001,1.0,0.1346153846153845,0.5652173913043479,0.6458333333333333,0.4088669950738916,0.9996206373292867,0.4853556485355543,0.15966386554621875,0.3771428571428496,0.7309644670050799,0.12603734439833966
0.8348651052475541,0.0,0.30656934306569356,0.858195211786372,0.938836399801094,0.7000000000000001,1.0,0.23076923076923067,0.6304347826086957,0.625,0.3891625615763547,0.9996206373292867,0.615062761506291,0.10924369747899147,0.4742857142857236,0.8071065989847784,0.08713692946058066
0.6783278980136377,0.17312661498708015,0.26277372262773696,0.6908708234675085,0.7727498756837394,0.67,1.0,0.17307692307692316,0.5652173913043479,0.5624999999999999,0.5320197044334976,0.9996206373292867,0.8702928870293108,0.08823529411764738,0.491428571428561,0.832487309644672,0.06639004149377609
0.5478802253187074,0.5813953488372092,0.2116788321167878,0.4688239936858721,0.41422178020885125,1.0,1.0,0.19230769230769235,0.5434782608695653,0.5416666666666666,0.5123152709359606,0.9996206373292867,0.589958158995806,0.05882352941176493,0.5657142857142845,0.8857868020304611,0.04356846473029033
0.565372072339164,0.599483204134367,0.18978102189781018,0.47487503288608257,0.3799104922923917,0.83,1.0,0.09615384615384617,0.10869565217391303,0.18749999999999994,0.4088669950738916,0.9996206373292867,0.4351464435146316,0.04201680672268891,0.611428571428565,0.9137055837563476,0.03215767634854653
0.6350429884375928,0.8449612403100776,0.1459854014598536,0.4201525914233096,0.07359522625559407,0.7700000000000001,1.0,0.0,0.0,0.0,1.0,0.9996206373292867,0.41004184100419405,0.004201680672268816,0.7657142857142846,1.0,0.007261410788381414
0.6697302104951082,0.7803617571059431,0.1459854014598536,0.47250723493817415,0.09348582794629533,0.63,1.0,0.15384615384615366,0.23913043478260873,0.375,0.7093596059113301,0.9996206373292867,0.28451882845186355,0.012605042016807197,0.7085714285714187,0.9720812182741135,0.012966804979252393
0.8956418618440558,0.5452196382428942,0.1459854014598536,0.740331491712707,0.13276976628543005,0.5100000000000001,0.37209302325581395,0.17307692307692316,0.5000000000000001,0.4999999999999999,0.9950738916256158,0.9996206373292867,0.28451882845186355,0.01680672268907601,0.6514285714285731,0.9492385786802039,0.009336099585062608
0.9478209309220279,0.607235142118863,0.11678832116788339,0.7487503288608259,0.0,0.43000000000000005,1.0,0.3846153846153847,0.5434782608695653,0.5416666666666666,0.9901477832512315,0.9996206373292867,0.2552301255230197,0.0,0.7200000000000041,0.9873096446700532,0.0
0.8870441743255264,0.6253229974160207,0.18978102189781018,0.695869508024204,0.035803083043262005,0.4,1.0,0.1346153846153845,0.08695652173913045,0.22916666666666666,0.7635467980295566,0.9996206373292867,0.5146443514644456,0.037815126050420096,0.6400000000000081,0.9263959390862944,0.03060165975103609
0.782686036169582,0.4444444444444445,0.11678832116788339,0.6953433307024467,0.3590253605171556,0.37,1.0,0.36538461538461553,0.21739130434782608,0.18749999999999994,0.8522167487684729,1.0,0.794979079497903,0.037815126050420096,0.3485714285714268,0.8248730964467021,0.00518672199170022
0.6958197450340943,0.4263565891472868,0.05109489051094914,0.6340436727177057,0.4510193933366483,0.19000000000000006,0.37209302325581395,0.6730769230769231,0.32608695652173914,0.27083333333333337,0.7339901477832512,0.0,0.8451882845188257,0.07142857142857137,0.26285714285713824,0.7664974619289362,0.03112033195020685
0.5828639193596205,0.15503875968992248,0.1459854014598536,0.6140489344909233,0.8443560417702635,0.17000000000000004,0.37209302325581395,0.30769230769230765,0.3478260869565218,0.29166666666666663,0.8275862068965517,1.0,1.0,0.15126050420168113,0.1542857142857195,0.6624365482233511,0.09906639004149337
0.4610139341832196,0.0904392764857881,0.05109489051094914,0.5214417258616153,0.9721531576330182,0.13,0.37209302325581395,0.5576923076923078,0.282608695652174,0.27083333333333337,0.6206896551724138,1.0,0.9748953974895624,0.2100840336134453,0.011428571428565048,0.5609137055837589,0.14315352697095446
0.026089534538986037,1.0,0.401459854014598,0.0,0.7279960218796618,0.30000000000000004,0.37209302325581395,0.4615384615384617,0.282608695652174,0.22916666666666666,0.5024630541871922,1.0,1.0,0.491596638655462,0.36571428571428455,0.43147208121828023,0.45020746887966795
0.0,0.43669250645994845,0.700729927007299,0.08918705603788477,1.0,0.07000000000000006,0.37209302325581395,0.5961538461538461,0.282608695652174,0.20833333333333331,0.2413793103448276,1.0,0.9748953974895624,0.7142857142857145,0.6285714285714228,0.3096446700507624,0.6970954356846489
0.0,0.718346253229974,0.5839416058394156,0.04314654038410946,0.8717056190949776,0.2300000000000001,0.37209302325581395,0.48076923076923084,0.4565217391304348,0.43749999999999994,0.2561576354679803,1.0,0.7447698744769803,0.8109243697478987,0.0,0.0,0.7339211618257268
0.08716276311888521,0.43669250645994845,0.8394160583941613,0.15706393054459347,0.9298856290402785,0.25,0.37209302325581395,0.5576923076923078,0.5217391304347826,0.4999999999999999,0.31527093596059114,0.9787556904400607,0.5146443514644456,1.0,0.8399999999999879,0.10406091370558512,1.0
0.3566557960272754,0.5090439276485789,0.861313868613139,0.34832938700342014,0.6534062655395325,0.050000000000000044,0.37209302325581395,0.6923076923076923,0.4565217391304348,0.43749999999999994,0.0,1.0,0.46025104602511674,0.823529411764706,0.5828571428571423,0.18781725888325362,0.8018672199170133
0.6261488289356656,0.599483204134367,0.7445255474452556,0.5193370165745856,0.32123321730482335,0.32000000000000006,1.0,0.8269230769230769,1.0,1.0,0.39408866995073893,0.970030349013657,0.3096234309623487,0.8319327731092436,0.3142857142857114,0.08883248730964541,0.7831950207468881
0.6089534538986067,0.17312661498708015,1.0,0.6322020520915547,0.8095474888115365,0.07000000000000006,0.0,0.8846153846153847,0.6304347826086957,0.7708333333333331,0.4039408866995074,1.0,0.28451882845186355,0.5924369747899159,0.4,0.34517766497461877,0.5549792531120341
0.7479988141120664,0.37209302325581406,0.0,0.6932386214154168,0.4773744405768274,0.09000000000000008,0.37209302325581395,0.653846153846154,0.4565217391304348,0.4999999999999999,0.15763546798029557,1.0,0.10460251046025164,0.5294117647058821,1.0,0.6167512690355319,0.5456431535269716
0.8173732582270976,0.28165374677002597,0.9781021897810224,0.7779531702183636,0.5479860765788165,0.09000000000000008,0.37209302325581395,0.8076923076923077,0.8913043478260869,0.9374999999999999,0.5073891625615764,1.0,0.07949790794981408,0.6470588235294119,0.26285714285713824,0.25126903553299645,0.5943983402489639
0.9045360213459829,0.1085271317829458,0.9124087591240881,0.8968692449355432,0.7483838886126305,0.0,0.37209302325581395,1.0,0.9782608695652175,0.9791666666666664,0.43349753694581283,1.0,0.0,0.4747899159663867,0.3028571428571463,0.4213197969543174,0.4310165975103738
