0.9697791553661371,0.9017857142857144,0.9125683060109289,0.12688886507341124,0.0,0.6699029126213593,0.0,0.0,1.0,1.0,0.11239193083573487,0.0,0.7808219178082163,0.9431818181818183,0.19799777530589616,0.16492693110647277,0.8148599269183922
0.9394291618235826,0.906887755102041,1.0,0.1359982852856071,0.04024002823861633,0.6116504854368932,0.0,0.2727272727272718,0.9047619047619047,0.9565217391304346,0.10951008645533142,0.9970326409495549,0.8630136986301092,1.0,0.0,0.0,0.686967113276488
0.9356838434715228,0.9426020408163265,0.8469945355191261,0.09591683635194516,0.09601129544652309,0.45631067961165034,0.0,0.2727272727272718,0.8095238095238094,0.7391304347826085,0.09221902017291066,0.9970326409495549,1.0,0.9545454545454545,0.0901001112347046,0.08141962421711821,0.7149817295980507
1.0,0.9961734693877553,0.6010928961748642,0.0,0.1145428873985174,0.524271844660194,1.0,0.18181818181818124,0.9047619047619047,0.9565217391304346,0.12680115273775217,0.9970326409495549,0.7214611872146126,0.6477272727272722,0.1301446051167973,0.21503131524008257,0.22655298416565017
0.8410176934004907,1.0,0.5191256830601099,0.08455685349908906,0.2818566890222379,0.7475728155339805,1.0,0.09090909090909062,0.6190476190476188,0.782608695652174,0.09510086455331412,0.9970326409495549,0.8082191780821634,0.539772727272727,0.27141268075639546,0.3549060542797486,0.20341047503045134
0.8144130182099962,1.0,0.48087431693989113,0.09945343478726826,0.3083303918108013,0.5728155339805825,1.0,0.09090909090909062,0.47619047619047605,0.5217391304347825,0.11815561959654179,0.9940652818991098,0.5296803652967759,0.4488636363636359,0.44605116796440425,0.511482254697287,0.24725943970767564
0.7689526023505101,0.9464285714285715,0.43169398907103873,0.17693709141571104,0.2807977409106953,0.5631067961165048,0.0,0.0,0.1904761904761906,0.17391304347826098,0.04610951008645533,0.9970326409495549,0.6666666666666666,0.4261363636363637,0.4794215795328148,0.5427974947807918,0.2460414129110803
0.6970166602092213,0.9196428571428573,0.48087431693989113,0.2394169971064195,0.325803035651253,0.7864077669902911,0.0,0.2727272727272718,0.5714285714285714,0.608695652173913,0.04899135446685879,0.9970326409495549,0.38812785388127924,0.47727272727272724,0.3826473859844281,0.45615866388309007,0.22289890377588148
0.7234921864910242,0.9642857142857145,0.5355191256830604,0.18347444003858104,0.3521002470878928,1.0,0.0,0.2727272727272718,0.0,0.04347826086956544,1.0,0.9970326409495549,0.4703196347031722,0.545454545454545,0.25361512791990853,0.3392484342379944,0.19366626065773196
0.7652072839984503,0.9515306122448982,0.5846994535519127,0.17447218947594043,0.2906812566184257,0.4854368932038834,0.0,0.3636363636363641,0.23809523809523803,0.3043478260869565,0.0,0.9970326409495549,0.3607305936072803,0.6761363636363634,0.040044493882088736,0.13987473903966605,0.17295980511571515
0.5720005165956347,0.9158163265306123,0.3114754098360657,0.3047904833351195,0.4587010236498412,0.3980582524271845,1.0,0.3636363636363641,0.2857142857142857,0.3043478260869565,0.01729106628242075,0.9970326409495549,0.44292237442922516,0.27840909090909105,0.6796440489432704,0.7369519832985366,0.22046285018270814
0.48495415213741444,0.8698979591836736,0.13661202185792348,0.38238130961311756,0.5155312389692905,0.15533980582524282,0.0,0.5454545454545453,0.0952380952380953,0.13043478260869593,0.025936599423631124,0.9970326409495549,0.4703196347031722,0.10795454545454518,0.7886540600667397,0.8716075156576192,0.04384896467722429
0.45460415859486,0.8252551020408164,0.054644808743170174,0.4310363305111992,0.5160607130250618,0.2815533980582524,1.0,0.7272727272727265,0.38095238095238076,0.3043478260869565,0.037463976945244955,1.0,0.5844748858447218,0.05681818181818162,0.8231368186874279,0.9112734864300619,0.0024360535931820123
0.16298592276895263,0.24234693877551028,0.0,0.876219054763691,0.8062124955877162,0.233009708737864,0.0,0.6363636363636359,0.14285714285714296,0.17391304347826098,0.0345821325648415,1.0,0.6666666666666666,0.0,0.9165739710789735,1.0,0.0
0.1175255069094666,0.0,0.15300546448087493,0.9798521058836138,0.9583480409459937,0.3300970873786408,1.0,0.7272727272727265,0.0952380952380953,0.0,0.06051873198847262,1.0,0.7488584474885596,0.11931818181818131,0.9310344827586194,0.9718162839248424,0.2277710109622455
0.14025571483920965,0.04464285714285716,0.20765027322404414,0.9702068374236417,0.9103423932227321,0.3980582524271845,0.0,0.8181818181818188,0.04761904761904765,0.13043478260869593,0.02881844380403458,1.0,0.7488584474885596,0.22727272727272751,0.8976640711902089,0.9123173277661764,0.3836784409257039
0.15911145550820094,0.0,0.3114754098360657,1.0,0.9121073067419697,0.466019417475728,1.0,1.0,0.04761904761904765,0.0,0.09510086455331412,1.0,0.6940639269406137,0.31249999999999944,0.8387096774193554,0.8413361169102289,0.46406820950060645
0.20082655301562705,0.2742346938775511,0.37704918032786955,0.8663594470046083,0.7481468408048007,0.42718446601941756,1.0,0.9090909090909094,0.2857142857142857,0.26086956521739146,0.09510086455331412,1.0,0.6940639269406137,0.3806818181818182,0.7119021134593992,0.7254697286012515,0.4397076735688209
0.13638124757845796,0.40433673469387754,0.5355191256830604,0.7826599507019611,0.8146840804800565,0.22330097087378634,1.0,0.9090909090909094,0.38095238095238076,0.34782608695652195,0.1440922190201729,1.0,0.4703196347031722,0.5965909090909085,0.7641824249165745,0.694154488517743,0.8733252131546825
0.0,0.41709183673469385,0.5519125683060118,0.7693709141571108,1.0,0.3786407766990292,1.0,0.8181818181818188,0.42857142857142866,0.43478260869565205,0.16138328530259366,1.0,0.3333333333333333,0.5681818181818182,0.8520578420467158,0.7651356993736942,0.9293544457977996
0.0834301950148521,0.6377551020408165,0.5683060109289623,0.6661665416354088,0.9036357218496295,0.524271844660194,1.0,0.7272727272727265,0.2857142857142857,0.17391304347826098,0.2017291066282421,1.0,0.19178082191778476,0.5681818181818182,0.9176863181312552,0.8141962421711895,1.0
0.12127082526152651,0.673469387755102,0.4153005464480883,0.6399099774943736,0.861983762795623,0.4077669902912622,0.0,0.8181818181818188,0.38095238095238076,0.34782608695652195,0.207492795389049,1.0,0.16438356164383774,0.4999999999999995,0.9276974416017784,0.8434237995824616,0.8952496954932947
0.053080201472297556,0.5650510204081632,0.29508196721311525,0.7043189368770764,0.9331097776208968,0.0,0.0,0.9090909090909094,0.42857142857142866,0.34782608695652195,0.22478386167146974,1.0,0.027397260273998914,0.5340909090909088,0.8909899888765268,0.8058455114822551,0.9110840438489647
0.018984889577683055,0.6466836734693878,0.29508196721311525,0.6757046404458257,0.9904694669961174,0.22330097087378634,1.0,0.9090909090909094,0.2857142857142857,0.34782608695652195,0.21902017291066284,0.9970326409495549,0.0,0.3579545454545449,1.0,0.9436325678496849,0.7320341047502988
