0.1919825470411781,0.8560724320949109,0.14035087719298117,0.3704739704739705,0.3418079096045198,1.0,0.47560975609756106,0.4,0.6779661016949151,0.6515151515151515,0.13230769230769232,0.9270833333333334,0.0,0.07246376811594302,0.6588037068239252,0.7240204429301518,0.0
0.15216798472866103,0.9978145488604434,0.39473684210526294,0.44972804972804975,0.4196199280945044,0.75,0.6707317073170732,0.0,0.2711864406779661,0.3787878787878788,0.09538461538461539,0.7071314102564102,0.0762500000000017,0.3550724637681159,0.5888795282224102,0.6073253833049385,0.2588369441277058
0.3599672757022089,0.11832656884171092,0.2543859649122802,0.6752136752136754,0.4583975346687212,0.5454545454545455,0.6707317073170732,0.2,0.30508474576271183,0.2575757575757576,0.2923076923076923,0.999198717948718,0.1912500000000108,0.2681159420289861,0.594776748104464,0.631175468483816,0.15279361459521215
0.5358603763294245,0.13705900718076805,0.1666666666666664,0.7762237762237764,0.5,0.5227272727272727,0.6707317073170732,0.11999999999999958,0.03389830508474577,0.09090909090909093,0.39384615384615385,0.16105769230769232,0.24500000000000455,0.24637681159420266,0.5930918281381634,0.6354344122657573,0.11972633979475192
0.7199345514044178,0.17546050577583516,0.22807017543859653,0.9022533022533024,0.43631227529532624,0.75,0.6707317073170732,0.07999999999999971,0.0,0.0,0.6584615384615384,0.031650641025641024,0.2987499999999983,0.2681159420289861,0.650379106992416,0.6746166950596238,0.2326111744583747
0.7758385601308972,0.21073993131439275,0.2807017543859639,0.9471639471639473,0.30225988700564976,0.5,0.6707317073170732,0.11999999999999958,0.2033898305084746,0.2272727272727273,0.803076923076923,0.0,0.35875000000000057,0.188405797101449,0.8491996630160051,0.8466780238500854,0.4275940706955553
0.8718298336514861,0.23915079612862938,0.2543859649122802,1.0,0.1720595788392399,0.659090909090909,0.6707317073170732,0.2799999999999997,0.37288135593220334,0.34848484848484845,0.8676923076923077,0.24879807692307693,0.36625000000000796,0.16666666666666688,0.8458298230834038,0.8500851788756372,0.3876852907639659
0.7120261794382329,0.2513268810490165,0.22807017543859653,0.9055167055167055,0.14047252182845404,0.5454545454545455,0.47560975609756106,0.5199999999999996,0.5084745762711864,0.46969696969696967,0.8984615384615384,0.999198717948718,0.375,0.13043478260869665,0.8062342038753157,0.8262350936967626,0.2896237172177869
0.6160349059176439,0.294099281923197,0.22807017543859653,0.8265734265734266,0.01592193117616849,0.6136363636363638,0.6707317073170732,0.6399999999999999,0.47457627118644063,0.4545454545454546,1.0,0.999198717948718,0.40500000000000114,0.15942028985507284,0.8230834035383314,0.8339011925042586,0.34777651083238464
0.4079629124625034,0.3290665001561036,0.2543859649122802,0.6938616938616939,0.022598870056497196,0.840909090909091,0.6707317073170732,1.0,0.6779661016949151,0.7121212121212122,0.006153846153846154,0.999198717948718,0.4437500000000085,0.15942028985507284,0.8365627632687427,0.84412265758092,0.3705815279361431
0.391873466048541,0.34686231657820793,0.2017543859649113,0.6719502719502719,0.0,0.5227272727272727,0.6707317073170732,0.9600000000000002,0.6949152542372882,0.6666666666666667,0.0,1.0,0.5887500000000045,0.12318840579710133,0.8475147430497045,0.8603066439522985,0.33751425313569094
0.3119716389419143,0.33125195129566026,0.2017543859649113,0.6475524475524477,0.0706214689265537,0.0,0.0,0.8399999999999999,0.7966101694915254,0.787878787878788,0.052307692307692305,0.9979967948717948,0.6262499999999989,0.11594202898550729,0.9283909014321813,0.9258943781942081,0.44583808437856365
0.2399781838014726,0.4149235092101155,0.11403508771929749,0.5602175602175602,0.03184386235233694,0.7727272727272727,0.6707317073170732,0.8,0.8813559322033898,0.9242424242424242,0.033846153846153845,0.9715544871794872,0.7337500000000006,0.07246376811594302,0.9831508003369843,0.9778534923339014,0.47206385404788664
0.2721570766293973,0.4149235092101155,0.035087719298244904,0.5687645687645688,0.005136106831022113,0.840909090909091,0.47560975609756106,0.8,1.0,1.0,0.036923076923076927,0.999198717948718,0.7950000000000017,0.014492753623189376,0.9941027801179432,0.9991482112436105,0.4127708095781034
0.2800654485955822,0.37964408367155794,0.0,0.6000000000000001,0.030303030303030342,0.5227272727272727,0.02439024390243905,0.6799999999999997,0.7796610169491526,0.8636363636363638,0.04923076923076923,1.0,0.9087500000000119,0.0,0.9898904802021901,1.0,0.38312428734321585
0.1919825470411781,0.5004683109584764,0.2807017543859639,0.48873348873348876,0.04725218284540318,0.5,0.048780487804878044,0.6799999999999997,0.6610169491525423,0.6212121212121212,0.13538461538461538,1.0,0.9162500000000051,0.188405797101449,0.9915754001684907,0.9582623509369681,0.6328392246294215
0.1120807199345514,0.5794567592881674,0.44736842105263186,0.4533022533022533,0.13507960965588087,0.75,0.47560975609756106,0.6,0.6440677966101696,0.7121212121212122,0.15692307692307692,1.0,0.9162500000000051,0.33333333333333376,0.9663016006739658,0.9071550255536611,0.7787913340935045
0.0,0.9010302841086482,0.47368421052631554,0.4731934731934732,0.27657935285053936,0.43181818181818177,0.47560975609756106,0.7199999999999995,0.3389830508474576,0.34848484848484845,0.18461538461538463,1.0,0.9312500000000057,0.46376811594202916,1.0,0.9037478705281093,1.0
0.1600763566948459,0.0,0.4999999999999992,0.5235431235431236,0.42886492039034424,0.5227272727272727,0.08536585365853662,0.8,0.423728813559322,0.4848484848484849,0.25846153846153846,1.0,0.9400000000000119,0.4057971014492755,0.9721988205560226,0.8952299829642238,0.8825541619156191
0.9599127352058903,0.9472369653449891,0.9473684210526311,0.14436674436674438,1.0,0.4090909090909091,0.47560975609756106,0.8399999999999999,0.23728813559322032,0.2575757575757576,0.3476923076923077,1.0,0.9625000000000057,0.7536231884057973,0.2459983150800348,0.24872231686541582,0.2588369441277058
0.9520043632397054,0.9363097096472058,1.0,0.12043512043512045,0.9581407293271701,0.36363636363636365,0.47560975609756106,0.8,0.1864406779661017,0.2272727272727273,0.4307692307692308,1.0,0.9775000000000063,1.0,0.0,0.0,0.1984036488027371
1.0,0.889166406493912,0.8596491228070172,0.0,0.8007190549563431,0.5,1.0,0.8,0.1694915254237288,0.16666666666666669,0.37538461538461537,0.9995993589743589,0.9849999999999994,0.992753623188406,0.14574557708508684,0.11499148211243447,0.40935005701253885
0.8320152713389691,0.9241336247268186,0.6929824561403508,0.14079254079254078,0.8353877760657422,0.5,0.6707317073170732,0.9199999999999996,0.11864406779661017,0.10606060606060606,0.47384615384615386,0.9995993589743589,0.9775000000000063,0.811594202898551,0.29823083403538236,0.2768313458262346,0.4059293044469743
0.42405235887646575,1.0,0.6140350877192983,0.3965811965811966,0.6602465331278892,0.36363636363636365,1.0,0.9199999999999996,0.23728813559322032,0.21212121212121213,0.4707692307692308,0.9995993589743589,1.0,0.6594202898550722,0.3243470935130591,0.3321976149914797,0.24971493728619756
