0.41963470319634694,0.9007444168734491,1.0,0.4624630541871921,0.546891281695033,0.34453781512605053,1.0,0.6153846153846155,1.0,1.0,0.576271186440678,0.9816091954022989,0.0,1.0,1.0,1.0,1.0
0.6473363774733638,1.0,0.9636363636363636,0.14325123152709351,0.44789857589440774,1.0,1.0,0.4807692307692307,0.9705882352941178,0.9000000000000001,0.559322033898305,0.996551724137931,0.0,0.8380952380952381,0.8575757575757565,0.8729281767955825,0.8398576512455517
0.9374429223744293,0.8544251447477255,0.427272727272727,0.19270935960591135,0.0,0.6050420168067225,1.0,0.3846153846153846,0.8676470588235293,0.8285714285714286,0.3898305084745763,0.975287356321839,0.0,0.4666666666666665,0.43333333333333296,0.4309392265193315,0.4590747330960843
1.0,0.9156327543424319,0.4909090909090909,0.0,0.024487669329628405,0.6386554621848738,1.0,0.3269230769230771,0.823529411764706,0.7571428571428572,0.4067796610169492,0.9971264367816092,0.0,0.43809523809523815,0.33333333333334053,0.2983425414364739,0.4092526690391439
0.7544901065449009,0.8982630272952855,0.5454545454545455,0.22167487684729065,0.2292462660646058,0.26050420168067234,1.0,0.3269230769230771,0.8088235294117648,0.742857142857143,0.7966101694915254,0.9867816091954023,0.0,0.41904761904761906,0.3515151515151485,0.3314917127071932,0.4012455516014212
0.7499238964992389,0.8866832092638545,0.36363636363636354,0.2472906403940886,0.22038902396665516,0.6134453781512605,1.0,0.28846153846153844,0.7794117647058824,0.742857142857143,0.4745762711864407,0.7873563218390804,0.0,0.3333333333333335,0.23939393939393994,0.20441988950275602,0.30960854092526635
0.665144596651446,0.7733664185277088,0.3363636363636364,0.5176354679802956,0.21101076762764845,0.40336134453781514,1.0,0.2500000000000001,0.7500000000000001,0.7000000000000001,0.7796610169491526,0.9614942528735633,0.0,0.23809523809523814,0.1727272727272783,0.14917127071823694,0.2250889679715306
0.584779299847793,0.8196856906534327,0.24545454545454545,0.4719211822660098,0.325981243487322,0.5798319327731092,1.0,0.11538461538461531,0.6911764705882354,0.6142857142857144,0.4576271186440678,0.18333333333333332,0.0,0.19047619047619024,0.12424242424242467,0.10497237569061771,0.1752669039145902
0.584779299847793,0.7907361455748554,0.24545454545454545,0.5213793103448275,0.30739840222299414,0.7142857142857144,1.0,0.019230769230769162,0.6323529411764706,0.5571428571428572,0.3389830508474576,0.1454022988505747,0.0,0.16190476190476186,0.1727272727272783,0.18232044198895625,0.16548042704626348
0.5089802130898021,0.6799007444168735,0.15454545454545446,0.732807881773399,0.3476901701979854,0.44537815126050406,1.0,0.0,0.6176470588235294,0.6285714285714287,0.4576271186440678,0.2982758620689655,0.0,0.06666666666666653,0.08181818181818445,0.09392265193369818,0.07473309608540901
0.45083713850837137,0.7030603804797353,0.12727272727272737,0.7089655172413792,0.41820076415422025,0.40336134453781514,1.0,0.0,0.6323529411764706,0.6285714285714287,0.4067796610169492,0.0,0.0,0.06666666666666653,0.12424242424242467,0.15469613259669668,0.07918149466192058
0.3750380517503805,0.8403639371381308,0.0,0.5623645320197044,0.5534907954150746,0.7394957983193277,1.0,0.038461538461538665,0.6323529411764706,0.6142857142857144,0.6779661016949152,0.7051724137931035,0.0,0.0,0.0,0.005524861878459762,0.0
0.31248097412480974,0.761786600496278,0.09090909090909098,0.6798029556650246,0.5873567210837096,0.815126050420168,1.0,0.07692307692307698,0.6764705882352943,0.6142857142857144,0.6271186440677966,0.878735632183908,0.0,0.03809523809523813,0.009090909090909385,0.0,0.032028469750887766
0.3258751902587519,0.8693134822167081,0.27272727272727254,0.5623645320197044,0.6174018756512677,0.5378151260504203,1.0,0.09615384615384615,0.6617647058823531,0.5714285714285714,0.4915254237288136,0.22586206896551725,0.0,0.2285714285714284,0.26060606060606545,0.28729281767955434,0.23309608540925017
0.31689497716894977,0.947890818858561,0.21818181818181795,0.49674876847290633,0.6712400138937131,0.40336134453781514,1.0,0.21153846153846145,0.6470588235294117,0.5857142857142856,0.559322033898305,0.5189655172413793,0.0,0.18095238095238092,0.18484848484848365,0.18784530386739637,0.18416370106761334
0.38843226788432267,0.9363110008271299,0.3090909090909089,0.44866995073891625,0.6005557485237929,0.21008403361344538,0.0,0.34615384615384626,0.6911764705882354,0.7285714285714285,0.7966101694915254,0.993103448275862,0.0,0.21904761904761907,0.236363636363644,0.254143646408835,0.22330960854092344
0.29908675799086754,0.947890818858561,0.45454545454545453,0.5115270935960591,0.6868704411253906,0.30252100840336127,1.0,0.4423076923076924,0.6029411764705883,0.6857142857142858,0.847457627118644,0.9936781609195402,0.0,0.36190476190476184,0.40909090909091156,0.441988950276251,0.373665480427045
0.2589041095890411,0.8693134822167081,0.518181818181818,0.6066995073891626,0.6830496700243139,0.15966386554621845,0.0,0.6153846153846155,0.7205882352941176,0.7000000000000001,0.8305084745762712,0.9925287356321839,0.0,0.4285714285714284,0.46060606060606113,0.4861878453038702,0.43594306049821974
0.29908675799086754,0.8254755996691481,0.518181818181818,0.6214778325123153,0.62434873219868,0.5126050420168067,0.0,0.7307692307692308,0.7058823529411765,0.7285714285714285,0.8813559322033898,0.996551724137931,0.0,0.4571428571428572,0.4242424242424236,0.4198895027624316,0.44661921708185004
0.19634703196347028,0.6277915632754342,0.518181818181818,0.8299507389162561,0.6978117401875652,0.3109243697478993,0.0,0.826923076923077,0.6764705882352943,0.6714285714285716,1.0,0.9977011494252873,0.0,0.44761904761904747,0.40909090909091156,0.40331491712707196,0.43950177935943086
0.1741248097412481,0.44747725392886695,0.427272727272727,0.9601970443349753,0.7419242792636331,0.05882352941176457,1.0,0.9230769230769231,0.3970588235294118,0.29999999999999993,0.7627118644067796,0.9982758620689656,0.0,0.35238095238095213,0.3515151515151485,0.3591160220994527,0.3478647686832728
0.1161339421613394,0.4069478908188586,0.36363636363636354,0.9556650246305419,0.8120875303924974,0.0,1.0,0.9423076923076923,0.3529411764705883,0.25714285714285723,0.3389830508474576,0.9977011494252873,0.0,0.29523809523809535,0.312121212121215,0.3259668508287334,0.29893238434163605
0.0669710806697108,0.20016542597187761,0.3999999999999999,1.0,0.9112539076068078,0.3109243697478993,1.0,0.9038461538461539,0.0,0.0,0.06779661016949153,1.0,0.0,0.3333333333333335,0.312121212121215,0.30939226519337376,0.3291814946619198
0.0,0.0,0.3999999999999999,0.9572413793103448,1.0,0.07563025210084022,1.0,1.0,0.19117647058823528,0.08571428571428578,0.0,0.9994252873563219,0.0,0.3333333333333335,0.37575757575758073,0.40331491712707196,0.34252669039145767
