0.7499180596525729,0.3031348863963187,0.30208333333333276,0.8347598253275109,0.039561992228894415,1.0,0.20238095238095244,0.2926829268292683,0.6176470588235294,0.5238095238095238,0.5783132530120482,0.3132530120481928,0.037854889589907285,0.19512195121951142,0.42262678803640896,0.7424242424242453,0.19921656407386387
0.25008194034742703,0.631003738855335,0.08333333333333348,0.23475982532751094,0.13846697280113032,0.7906976744186047,0.20238095238095244,0.219512195121951,0.9705882352941178,0.904761904761905,0.6024096385542169,0.9397590361445783,0.287066246056776,0.0,0.41352405721716595,0.8833333333333361,0.0
0.567354965585054,0.7098073051481162,0.2656249999999992,0.02253275109170304,0.23172024019780996,0.7209302325581396,0.15476190476190482,0.31707317073170677,1.0,0.9523809523809526,0.5421686746987951,0.9939759036144579,0.6151419558359844,0.15609756097560984,0.36931079323796906,0.7242424242424265,0.13318410744264111
0.5863651261881349,0.7624388840954845,0.5156249999999997,0.0,0.4786294595549276,0.41860465116279066,0.04761904761904767,0.1951219512195116,0.9411764705882353,1.0,0.7590361445783133,0.75,0.7507886435331312,0.40487804878048683,0.32639791937581353,0.49696969696970134,0.3587017347509785
0.3267781055391674,0.8492953695714697,0.5989583333333331,0.18061135371179038,0.7184740374425997,0.627906976744186,0.07142857142857145,0.219512195121951,0.8529411764705882,0.7857142857142859,0.8554216867469879,0.6596385542168675,0.712933753943224,0.4878048780487803,0.3133940182054604,0.4166666666666698,0.43928371572467656
0.298262864634546,0.9585849870578085,0.7656250000000001,0.3177292576419214,0.8936771458848463,0.5813953488372093,0.023809523809523836,0.24390243902439038,0.7058823529411765,0.6428571428571429,0.891566265060241,0.6716867469879518,0.6940063091482883,0.6341463414634148,0.33289986996098775,0.3212121212121208,0.5948517067711224
0.37495902982628637,1.0,0.7656250000000001,0.37397379912663753,1.0,0.5813953488372093,0.20238095238095244,0.1951219512195116,0.44117647058823517,0.5000000000000001,0.9156626506024096,0.35843373493975905,0.5962145110410129,0.648780487804877,0.3407022106631987,0.31666666666666604,0.6121992165640708
0.4133071124221566,0.08570606844981306,0.7656250000000001,0.5806113537117904,0.9123984457788766,0.4418604651162791,0.20238095238095244,0.12195121951219519,0.3235294117647059,0.30952380952380965,1.0,0.03313253012048193,0.5205047318611983,0.6439024390243901,0.36410923276983154,0.340909090909093,0.6200335758254043
0.0,0.3114754098360656,0.7656250000000001,0.4672489082969432,0.35747085835393855,0.372093023255814,0.15476190476190482,0.07317073170731642,0.23529411764705876,0.30952380952380965,0.7590361445783133,0.0,0.5394321766561698,0.6439024390243901,0.36931079323796906,0.3469696969697011,0.6228315612758815
0.3654539495247459,0.33247052056370435,0.7343750000000008,0.6234061135371178,0.11939244083362771,0.3953488372093023,0.1071428571428572,0.0975609756097558,0.49999999999999994,0.5238095238095238,1.0,0.9518072289156626,0.6940063091482883,0.6048780487804868,0.35630689206762056,0.36515151515151456,0.5786233911583657
0.7115699770567026,0.2677595628415301,0.6197916666666661,0.845764192139738,0.24690921935711763,0.3023255813953489,0.1071428571428572,0.02439024390243852,0.29411764705882354,0.30952380952380965,0.7831325301204819,0.49698795180722893,0.7507886435331312,0.4975609756097557,0.35110533159947843,0.44393939393939813,0.4683827644096232
1.0,0.26287029048029914,0.4687499999999997,1.0,0.2225362062875309,0.27906976744186046,0.1071428571428572,0.0,0.08823529411764701,0.11904761904761907,0.963855421686747,0.5180722891566265,0.886435331230314,0.36585365853658525,0.39531859557867066,0.584848484848489,0.36038052602126397
0.5768600458865945,0.33045729076790337,0.16666666666666696,0.719475982532751,0.0,0.20930232558139542,0.07142857142857145,0.12195121951219519,0.38235294117647056,0.3571428571428573,0.8554216867469879,0.8463855421686747,1.0,0.18048780487804747,0.38751625487646435,0.7242424242424265,0.16452154448796705
0.4519829564077351,0.3468507333908542,0.052083333333332274,0.6452401746724891,0.022253620628753117,0.186046511627907,0.023809523809523836,0.1951219512195116,0.29411764705882354,0.33333333333333337,0.7590361445783133,0.5873493975903614,1.0,0.09268292682926715,0.43563068920676207,0.8318181818181862,0.10520425293788215
0.3942969518190756,0.36180615473109,0.0,0.6034934497816593,0.020487460261391734,0.0,0.023809523809523836,0.17073170731707307,0.23529411764705876,0.2142857142857143,0.6506024096385542,1.0,0.9053627760252497,0.03414634146341476,0.5370611183354996,0.9681818181818224,0.0984890878567403
0.24057686004588655,0.4265171124532643,0.0,0.4772052401746725,0.04168138466972806,0.6976744186046512,1.0,0.41463414634146345,0.0,0.0,0.7831325301204819,1.0,0.886435331230314,0.3219512195121951,0.35760728218465265,0.5878787878787903,0.2926692781197518
0.1828908554572271,0.6873741731377625,0.09895833333333225,0.22847161572052402,0.2921229247615683,0.627906976744186,1.0,0.3658536585365856,0.0,0.04761904761904767,0.1927710843373494,1.0,0.9053627760252497,0.07804878048780492,0.5422626788036419,0.9378787878787873,0.14661443760492082
0.3461160275319567,0.8979004889272362,0.5520833333333331,0.22427947598253276,0.8474037442599788,0.372093023255814,0.48809523809523825,0.3658536585365856,0.4705882352941177,0.4285714285714287,0.0,0.9909638554216867,0.7697160883281029,0.6634146341463409,0.0,0.0,0.44823726916619766
0.23074401835463781,0.0,0.6666666666666661,0.42340611353711793,0.8417520310844223,0.7209302325581396,1.0,0.48780487804878075,0.38235294117647056,0.38095238095238104,0.060240963855421686,1.0,0.5015772870662626,0.8780487804878049,0.38621586475942765,0.17121212121212048,0.8718522663682152
0.38446411012782694,0.036238136324417594,1.0,0.49624454148471614,0.9735075944895797,0.48837209302325585,0.3571428571428572,0.6829268292682923,0.5294117647058825,0.5238095238095238,0.04819277108433735,1.0,0.40378548895898714,1.0,0.39531859557867066,0.08030303030303153,1.0
0.3942969518190756,0.27178602243313205,0.6354166666666667,0.6786026200873363,0.3002472624514306,0.4651162790697675,0.3571428571428572,0.7317073170731712,0.2058823529411764,0.23809523809523814,0.14457831325301204,1.0,0.30914826498423686,0.9268292682926819,0.4538361508452527,0.19242424242424608,0.9591494124230552
0.5096689609963945,0.22346850733390855,0.6822916666666666,0.7465502183406114,0.481808548216178,0.48837209302325585,0.27380952380952384,1.0,0.38235294117647056,0.3571428571428573,0.20481927710843373,0.9969879518072289,0.2113564668769614,0.521951219512195,1.0,1.0,0.8393956351426977
0.4519829564077351,0.16681046879493816,0.9166666666666665,0.6894323144104804,0.6941010243730129,0.32558139534883723,0.27380952380952384,0.9512195121951221,0.4117647058823529,0.3571428571428573,0.1686746987951807,0.9969879518072289,0.11356466876972186,0.8878048780487803,0.37711313394018003,0.15606060606060834,0.8768886401790676
0.5768600458865945,0.19902214552775382,0.953125,0.7739737991266376,0.6015542211232779,0.25581395348837205,0.0,0.8536585365853663,0.8529411764705882,0.7380952380952382,0.3614457831325301,0.9969879518072289,0.0,0.8926829268292672,0.40182054616384955,0.17424242424242722,0.8942361499720201
