0.4,0.6364812419146181,0.11999999999999744,0.19887374036751626,0.6977497749774978,0.0,0.0,0.8333333333333329,0.0,0.028846153846153917,0.8524590163934426,1.0,1.0,0.09803921568627245,0.09720279720279676,0.09216589861751276,0.1064327485380129
0.4068181818181818,0.6403622250970245,0.05999999999999872,0.18790752815649073,0.6979297929792979,0.06491499227202473,0.5573770491803279,0.9166666666666665,0.059523809523809534,0.0,0.8360655737704918,0.9853768278965129,0.9546204620462084,0.09803921568627245,0.11468531468531575,0.10967741935483842,0.12163742690058381
0.393409090909091,0.6183699870633894,0.0,0.22110254890337874,0.688028802880288,0.05564142194744979,0.11475409836065577,1.0,0.20238095238095233,0.04807692307692309,1.0,0.9658792650918635,0.939356435643568,0.0,0.0,0.0,0.0
0.3734090909090909,0.7774902975420438,0.11999999999999744,0.1301126259632483,0.8126012601260126,0.10819165378670788,0.11475409836065577,0.9444444444444442,0.2142857142857142,0.08653846153846158,0.7213114754098361,0.8713910761154856,0.8989273927392768,0.13725490196078494,0.13706293706293815,0.13087557603686575,0.14853801169590505
0.3734090909090909,0.9094437257438551,0.23999999999999844,0.06994665085951392,0.917011701170117,0.12210200927357033,0.2950819672131149,0.9444444444444442,0.23809523809523814,0.1634615384615384,0.8852459016393442,0.6531683539557556,0.8683993399339959,0.23529411764705738,0.2755244755244769,0.26267281105990775,0.2947368421052617
0.3868181818181819,0.8952134540750321,0.3000000000000007,0.05809128630705376,0.9031503150315032,0.15610510046367854,0.2950819672131149,0.9166666666666665,0.41666666666666674,0.326923076923077,0.7213114754098361,0.7109111361079865,0.8180693069306945,0.29411764705882437,0.3839160839160836,0.36866359447004776,0.4046783625730993
0.4068181818181818,0.9404915912031045,0.379999999999999,0.017486662714878375,0.9377137713771377,0.20556414219474495,0.2950819672131149,0.9444444444444442,0.48809523809523814,0.36538461538461553,0.7213114754098361,0.48293963254593175,0.7623762376237628,0.3921568627450968,0.47972027972027975,0.45990783410138425,0.5087719298245597
0.2934090909090909,1.0,0.5599999999999987,0.14997036158861873,1.0,0.2395672333848532,0.2950819672131149,0.8888888888888888,0.5714285714285714,0.4615384615384617,0.6065573770491803,0.3532058492688414,0.6844059405940605,0.5490196078431362,0.611188811188813,0.5797235023041483,0.6654970760233904
0.4268181818181818,0.7956015523932728,0.6199999999999974,0.05601659751037326,0.8100810081008101,0.3724884080370943,0.5573770491803279,0.9166666666666665,0.6666666666666667,0.5384615384615387,0.639344262295082,0.4525684289463817,0.641501650165019,0.6078431372549032,0.7160839160839169,0.6838709677419358,0.7684210526315786
0.4668181818181818,0.8098318240620955,0.759999999999998,0.0,0.8095409540954096,0.4188562596599691,0.5573770491803279,0.8888888888888888,0.6309523809523809,0.5384615384615387,0.5901639344262295,0.38357705286839144,0.606023102310233,0.7647058823529426,0.7916083916083928,0.7465437788018449,0.8760233918128636
0.3,0.7774902975420438,0.879999999999999,0.21724955542382926,0.8365436543654365,0.3802163833075734,0.5573770491803279,0.9444444444444442,0.5476190476190477,0.5480769230769231,0.6065573770491803,0.5819272590926134,0.5655940594059419,0.9019607843137241,0.8349650349650369,0.7797235023041469,0.9473684210526296
0.08681818181818182,0.7593790426908148,1.0,0.477474807350326,0.8975697569756976,0.455950540958269,0.5573770491803279,0.8333333333333329,0.7857142857142858,0.7307692307692311,0.5409836065573771,0.2020997375328084,0.4797854785478544,0.960784313725491,0.582517482517484,0.5152073732718899,0.7456140350877181
0.0,0.47736093143596375,1.0,0.7009484291641969,0.8282628262826283,0.5486862442040186,1.0,0.8055555555555552,0.8214285714285714,0.8750000000000002,0.5573770491803278,0.31758530183727035,0.45957095709571355,1.0,0.8573426573426594,0.7944700460829505,0.9935672514619867
0.4,0.3454075032341525,1.0,0.499407231772377,0.5249324932493249,0.7867078825347759,1.0,0.8055555555555552,0.7976190476190477,0.7788461538461541,0.5409836065573771,0.344206974128234,0.4117161716171623,1.0,0.8685314685314693,0.8055299539170522,1.0
0.06681818181818185,0.5912031047865457,0.9399999999999977,0.5767634854771785,0.8316831683168316,0.6213292117465223,1.0,0.7777777777777776,0.9285714285714288,0.8173076923076924,0.5573770491803278,0.1484814398200225,0.3254950495049545,0.960784313725491,0.8678321678321678,0.8073732718894014,0.9918128654970744
0.07340909090909092,0.0038809831824063563,0.9399999999999977,1.0,0.6865886588658866,0.6445131375579598,1.0,0.7499999999999999,0.892857142857143,0.7692307692307694,0.3770491803278688,0.22384701912260968,0.2726897689768982,0.9411764705882365,0.8685314685314693,0.8119815668202761,0.9847953216374249
0.4,0.5498059508408796,0.879999999999999,0.27593360995850613,0.6390639063906391,1.0,1.0,0.5833333333333334,1.0,1.0,0.26229508196721313,0.12635920509936258,0.18193069306931023,0.8823529411764696,0.8440559440559448,0.7898617511520725,0.9526315789473666
0.34,0.049159120310478796,0.879999999999999,0.9048606994665087,0.4813681368136813,0.839258114374034,1.0,0.5555555555555552,0.8809523809523809,0.8269230769230772,0.21311475409836064,0.05999250093738283,0.1415016501650191,0.8627450980392151,0.8321678321678332,0.7806451612903231,0.9327485380116948
0.5668181818181818,0.16817593790426905,0.759999999999998,0.6594546532305868,0.3339333933393339,0.8114374034003091,1.0,0.4722222222222222,0.75,0.8076923076923077,0.11475409836065574,0.09636295463067117,0.10354785478547814,0.7254901960784301,0.7930069930069934,0.7520737327188958,0.8660818713450298
1.0,0.15006468305304002,0.5599999999999987,0.5234143449911085,0.0,0.8902627511591963,1.0,0.13888888888888887,0.9642857142857142,0.8269230769230772,0.09836065573770492,0.0,0.09323432343234282,0.5686274509803907,0.7167832167832184,0.6875576036866374,0.7578947368421045
0.673409090909091,0.0,0.379999999999999,0.9294605809128631,0.21332133213321322,0.8732612055641421,1.0,0.11111111111111095,0.7619047619047619,0.7211538461538463,0.16393442622950818,0.27071616047994,0.060643564356436745,0.3725490196078423,0.6524475524475525,0.6387096774193556,0.6532163742690039
0.68,0.2858990944372573,0.3000000000000007,0.40337877889745105,0.3027902790279028,0.7805255023183926,1.0,0.11111111111111095,0.8095238095238095,0.8076923076923077,0.14754098360655737,0.4983127109111361,0.03259075907591077,0.3333333333333333,0.6300699300699301,0.6193548387096774,0.622807017543858
0.5734090909090909,0.5549805950840879,0.379999999999999,0.10284528749259038,0.5508550855085509,0.8794435857805255,1.0,0.08333333333333327,0.8333333333333335,0.6730769230769231,0.13114754098360656,0.6250468691413573,0.0,0.3529411764705878,0.8195804195804202,0.8101382488479268,0.7923976608187112
0.3600000000000001,0.42302716688227665,0.3000000000000007,0.44131594546532305,0.5884788478847884,0.8438948995363215,1.0,0.0,0.7261904761904763,0.5384615384615387,0.0,0.24559430071241095,0.007425742574260049,0.29411764705882437,1.0,1.0,0.9309941520467824
