0.01012487343908202,1.0,1.0,0.46792354019376803,0.7074764093878538,0.7708333333333334,0.5000000000000001,0.7419354838709675,0.2564102564102564,0.2888888888888889,0.5844155844155844,0.0,0.0,1.0,0.0,0.0,0.0
0.09922375970300372,0.9450720685625241,0.8797468354430393,0.39224927991620845,0.6953786595693201,1.0,0.5000000000000001,0.774193548387097,0.1282051282051282,0.20000000000000004,0.6948051948051948,0.0,0.011834319526638762,0.9812499999999993,0.0,0.0,0.0
0.0,0.7452278924814957,0.8987341772151897,0.4909662215239592,0.6058553109121704,0.7291666666666666,0.5000000000000001,0.774193548387097,0.33333333333333326,0.4,0.7402597402597403,0.0,0.0966469428007898,0.950000000000001,0.0,0.0,0.0
0.29699628754640567,0.5644721464744837,0.841772151898734,0.5527625032731082,0.3619646745705299,0.6666666666666666,0.5000000000000001,0.774193548387097,0.8717948717948718,0.8666666666666666,0.8896103896103896,0.0,0.1439842209073,0.8625000000000005,0.0,0.0,0.0
0.5740803239959501,0.49045578496299175,0.7974683544303816,0.7227022780832679,0.1841277522380837,0.6041666666666666,0.5000000000000001,0.6774193548387096,0.7435897435897436,0.8666666666666666,0.8116883116883117,0.0,0.1932938856015796,0.781250000000001,0.0,0.0,0.0
0.4255821802227473,0.4386443319049473,0.4810126582278496,0.7813563760146637,0.3227679651584805,0.5624999999999999,1.0,0.38709677419354876,0.7435897435897436,0.7333333333333333,0.8701298701298701,0.0,0.2662721893491143,0.48749999999999916,0.0,0.0,0.0
0.8018899763752954,0.5601869887027657,0.29746835443037933,0.5504058654097932,0.0,0.5833333333333333,1.0,0.3225806451612909,0.9487179487179487,1.0,0.8831168831168831,0.0,0.3254437869822408,0.3187499999999992,0.0,0.0,0.0
0.7624029699628755,0.6014803272302297,0.29746835443037933,0.4247185126996596,0.04161625937575608,0.6041666666666666,0.6860465116279071,0.16129032258064574,0.8974358974358974,0.9555555555555555,0.922077922077922,0.0,0.3747534516765204,0.2937499999999997,0.0,0.0,0.0
1.0,0.7125048694974677,0.316455696202532,0.0,0.04960077425598832,0.37499999999999994,0.6860465116279071,0.12903225806451626,0.8974358974358974,0.9333333333333333,0.948051948051948,0.0,0.4812623274161796,0.3187499999999992,0.0,0.0,0.0
0.5740803239959501,0.8492403583950134,0.3354430379746846,0.03822990311599898,0.5400435518993467,0.41666666666666663,0.6860465116279071,0.09677419354838734,0.7948717948717947,0.7777777777777778,0.922077922077922,0.0,0.6035502958579939,0.3250000000000002,0.0,0.0,0.0
0.207897401282484,0.6766653681340085,0.21518987341772167,0.4310028803351663,0.460198403097024,0.2708333333333333,0.6860465116279071,0.0,0.7692307692307692,0.7999999999999999,0.9415584415584416,0.0,0.7120315581854,0.19999999999999823,0.0,0.0,0.0
0.19811002362470467,0.7658745617452277,0.0949367088607587,0.3610892903901545,0.5291555770626662,0.2916666666666667,0.6860465116279071,0.0,0.8717948717948718,0.911111111111111,1.0,0.0,0.8441814595660837,0.09999999999999801,0.0,0.0,0.0
0.19811002362470467,0.772497078301519,0.0,0.35663786331500397,0.5349624969755625,0.2708333333333333,0.6860465116279071,0.2580645161290319,0.4358974358974359,0.5555555555555556,0.987012987012987,0.0,0.8678500986193164,0.0,0.0,0.0,0.0
0.14849814377320286,0.8998831320607711,0.01898734177215264,0.3511390416339356,0.6615049600774257,0.33333333333333337,0.5000000000000001,0.3225806451612909,0.1282051282051282,0.22222222222222227,0.935064935064935,0.0,0.9763313609467449,0.018749999999998514,0.0,0.0,0.0
0.6139048261896727,0.7070510323334631,0.12025316455696297,0.2047656454569259,0.2523590612146141,0.22916666666666663,0.5000000000000001,0.2903225806451614,0.0,0.0,0.44805194805194803,0.0,0.9881656804733613,0.19999999999999823,0.0,0.0,0.0
0.8218022274721567,0.7288663809894818,0.12025316455696297,0.0494893951296151,0.18098233728526497,0.33333333333333337,0.6860465116279071,0.4193548387096771,0.02564102564102566,0.06666666666666668,0.35714285714285715,0.0,1.0,0.3999999999999987,0.0,0.0,0.0
0.48498143773202834,0.7974289053369691,0.12025316455696297,0.14532600157109193,0.4606823130897653,0.2083333333333334,0.6860465116279071,0.5161290322580645,0.41025641025641024,0.4222222222222223,0.19480519480519481,0.0,0.9881656804733613,0.4812500000000004,0.0,0.0,0.0
0.09922375970300372,0.936891312816517,0.36075949367088667,0.3912018853102907,0.6893297846600532,0.2083333333333334,0.5000000000000001,0.5806451612903223,0.6666666666666665,0.6444444444444444,0.11688311688311688,0.0,0.9270216962524653,0.4812500000000004,0.0,0.0,0.0
0.04961187985150187,0.6973120373977404,0.21518987341772167,0.48415815658549366,0.5639970965400436,0.2083333333333334,0.6860465116279071,0.7096774193548392,0.3076923076923077,0.4,0.07792207792207792,0.0,0.8796844181459551,0.36249999999999943,0.0,0.0,0.0
0.3071211609854877,0.8535255161667314,0.29746835443037933,0.23749672689185652,0.5939995160900072,0.0,0.6860465116279071,0.774193548387097,0.46153846153846145,0.48888888888888893,0.012987012987012988,0.0,0.8185404339250367,0.43124999999999913,0.0,0.0,0.0
0.2375970300371245,0.0,0.3797468354430393,0.7389368944749934,0.8753931768691023,0.10416666666666663,1.0,0.8387096774193549,0.7179487179487178,0.6888888888888888,0.0,0.0,0.7120315581854,0.47499999999999937,0.0,0.0,0.0
0.5345933175835301,0.031554343591741335,0.620253164556963,0.9332285938727416,1.0,0.2083333333333334,0.6860465116279071,0.9032258064516127,0.8717948717948718,0.8666666666666666,0.06493506493506493,0.0,0.7120315581854,0.6437499999999994,0.0,0.0,0.0
0.5248059399257509,0.08375535644721463,0.5,1.0,0.9087829663682556,0.06250000000000006,0.0,1.0,1.0,1.0,0.14935064935064934,0.0,0.7120315581854,0.49375000000000013,0.0,0.0,0.0
0.19811002362470467,0.26606934164394236,0.39873417721518967,0.8101597276774025,0.6036777159448342,0.0416666666666667,0.04651162790697674,0.9032258064516127,0.8205128205128205,0.8222222222222223,0.14935064935064934,0.0,0.7475345167652939,0.3937499999999999,0.0,0.0,0.0
