0.3417040358744395,0.03057553956834533,0.7256097560975615,0.546984572230014,0.7862029646522235,0.2876712328767123,0.0,0.44827586206896597,0.4531250000000001,0.4225352112676056,0.1271186440677966,0.9797979797979798,0.16363636363636647,0.6941176470588236,0.9990635764690144,0.9920850617460545,1.0
0.4475336322869955,0.11480815347721823,0.7012195121951208,0.689107059373539,0.7297605473204105,0.452054794520548,1.0,0.4827586206896549,0.23437499999999997,0.26760563380281693,0.3050847457627119,0.9797979797979798,0.33181818181818323,0.6705882352941183,0.9964215243637337,0.9897010441996854,0.9968150578318445
1.0,0.10011990407673861,0.6646341463414631,0.8859280037400654,0.9903078677309008,0.4931506849315068,1.0,0.3793103448275869,0.265625,0.2535211267605633,0.13559322033898305,0.98989898989899,0.33181818181818323,0.6294117647058828,0.9977927159626768,0.9920373813951272,0.9965755884958931
0.6573991031390134,0.12529976019184652,0.5853658536585369,0.7919588592800373,0.7844925883694414,0.452054794520548,1.0,0.34482758620689674,0.25,0.23943661971830987,0.2627118644067797,0.98989898989899,0.4136363636363923,0.5529411764705893,0.9974248352897896,0.9932293901683117,0.9934864340621183
0.9210762331838565,0.22661870503597129,0.548780487804877,1.0,0.4954389965792475,0.2465753424657534,0.01149425287356323,0.2758620689655176,0.06250000000000003,0.05633802816901413,0.4830508474576271,0.98989898989899,0.3863636363636387,0.5294117647058838,0.9963546369686633,0.9925618652553283,0.9916664671088867
0.0789237668161435,0.3624100719424461,0.5060975609756085,0.5240766713417484,0.3905359179019385,0.2465753424657534,0.0574712643678161,0.3103448275862066,0.06250000000000003,0.0422535211267606,0.8559322033898306,0.98989898989899,0.3590909090909368,0.4764705882352936,0.9969566235242968,0.9942306775377867,0.9903493857611533
0.262780269058296,0.3666067146282974,0.4695121951219508,0.587190275829827,0.3021664766248575,0.23287671232876714,0.03448275862068964,0.24137931034482746,0.0,0.0,0.8728813559322034,0.98989898989899,0.22272727272727225,0.4235294117647054,0.9977258285676064,0.996137891574882,0.9892478268157763
0.5524663677130045,0.6396882494004797,0.45121951219512085,0.1622253389434315,0.1955530216647663,0.4383561643835617,1.0,0.24137931034482746,0.21875000000000003,0.22535211267605634,0.8050847457627118,0.98989898989899,0.10909090909091097,0.4176470588235301,0.999832781512324,0.998617269823106,0.9907325366986757
0.631390134529148,0.5173860911270983,0.3902439024390246,0.3856942496493689,0.0,0.0,1.0,0.17241379310344837,0.031249999999999997,0.0422535211267606,1.0,0.98989898989899,0.054545454545455486,0.35882352941176454,1.0,1.0,0.9887928350774683
0.6573991031390134,0.5734412470023982,0.3109756097560962,0.2519869097709209,0.03135689851767393,0.2876712328767123,0.08045977011494256,0.10344827586206926,0.21875000000000003,0.19718309859154934,0.7966101694915254,0.98989898989899,0.0,0.2764705882352936,0.9984615899133809,1.0,0.9845063339639359
0.3946188340807175,0.3773980815347722,0.15853658536585238,0.6208508648901355,0.22690992018244016,0.452054794520548,1.0,0.0,0.12500000000000003,0.1126760563380282,0.9152542372881356,0.98989898989899,0.13636363636366455,0.15882352941176453,0.9949500016721848,0.9985695894721787,0.977178572283819
0.28968609865470857,0.47212230215827344,0.09756097560975616,0.46937821411874703,0.2160775370581528,0.2465753424657534,0.08045977011494256,0.0689655172413791,0.109375,0.08450704225352114,0.8728813559322034,1.0,0.5,0.07647058823529357,0.0,0.0,0.0
0.684304932735426,0.7523980815347724,0.0,0.0,0.4572405929304447,0.27397260273972607,0.01149425287356323,0.03448275862069016,0.171875,0.1408450704225352,0.8389830508474576,1.0,0.7227272727272722,0.0,0.0,0.0,0.0
0.3946188340807175,0.8579136690647483,0.1951219512195123,0.19027582982702193,0.6773090079817561,0.4931506849315068,1.0,0.0689655172413791,0.15624999999999997,0.16901408450704228,0.788135593220339,0.98989898989899,0.8590909090908851,0.1823529411764699,0.0,0.0,0.0
0.6053811659192825,0.09172661870503598,0.35365853658536467,0.7194950911640954,0.8397947548460662,0.5205479452054794,0.6896551724137931,0.1379310344827582,0.07812499999999997,0.05633802816901413,0.6271186440677966,0.98989898989899,0.9409090909090942,0.43529411764706016,0.0,0.0,0.0
0.526457399103139,0.016786570743405275,0.5060975609756085,0.5610098176718092,0.9059293044469784,0.4657534246575343,1.0,0.1379310344827582,0.28125000000000006,0.26760563380281693,0.4491525423728814,0.98989898989899,1.0,0.6235294117647054,0.0,0.0,0.0
0.6573991031390134,0.1528776978417266,0.42682926829268236,0.8246844319775596,0.7120866590649944,0.5068493150684932,0.6896551724137931,0.44827586206896597,0.15624999999999997,0.15492957746478872,0.3220338983050847,0.98989898989899,0.9727272727272465,0.7529411764705892,0.0,0.0,0.0
0.473542600896861,0.07583932853717026,0.6646341463414631,0.648901355773726,0.805587229190422,0.5205479452054794,1.0,0.3793103448275869,0.39062500000000006,0.352112676056338,0.11016949152542373,0.98989898989899,0.9727272727272465,0.8176470588235301,0.0,0.0,0.0
0.526457399103139,0.0,0.8963414634146332,0.5273492286115007,0.9184720638540479,0.5753424657534246,1.0,0.6206896551724144,0.4531250000000001,0.4507042253521127,0.1271186440677966,0.98989898989899,0.8318181818181832,0.9117647058823537,0.0,0.0,0.0
0.3946188340807175,0.9634292565947242,0.9756097560975593,0.32024310425432445,0.8181299885974915,0.3835616438356165,0.03448275862068964,0.8620689655172418,0.3750000000000001,0.38028169014084506,0.0,0.98989898989899,0.609090909090911,1.0,0.0,0.0,0.0
0.262780269058296,1.0,1.0,0.3927068723702664,0.7594070695553022,0.4794520547945205,0.13793103448275865,0.8965517241379319,0.5000000000000001,0.5211267605633803,0.0423728813559322,0.98989898989899,0.4454545454545445,0.9764705882352946,0.0,0.0,0.0
0.0,0.8462230215827338,0.8231707317073155,0.36418887330528277,0.5433295324971494,0.5205479452054794,0.03448275862068964,1.0,0.7031250000000001,0.6901408450704225,0.2033898305084746,0.0,0.2772727272727277,0.8705882352941182,0.0,0.0,0.0
0.15784753363228698,0.2835731414868106,0.7012195121951208,0.5928003740065451,0.43158494868871156,0.8082191780821918,0.13793103448275865,1.0,0.9375000000000001,0.9577464788732394,0.2796610169491525,0.9494949494949495,0.16363636363636647,0.6823529411764709,0.0,0.0,0.0
0.7363228699551571,0.04016786570743406,0.6463414634146332,0.6559139784946236,1.0,1.0,0.18390804597701152,0.8965517241379319,1.0,1.0,0.3474576271186441,0.15151515151515152,0.22272727272727225,0.6058823529411774,0.0,0.0,0.0
