1.0,0.0,0.729166666666669,0.521689497716895,1.0,0.2627118644067797,0.08536585365853662,0.6470588235294111,1.0,1.0,0.2235294117647059,1.0,1.0,0.5144927536231894,0.0,0.0,0.0
0.8922287390029326,0.03134886396318666,0.6041666666666681,0.6603881278538813,0.9285714285714285,0.8135593220338984,1.0,0.5294117647058822,0.8974358974358976,0.9318181818181817,0.35294117647058826,1.0,0.9549999999999983,0.4420289855072463,0.0,0.0,0.0
0.8170821114369502,0.03249928098935865,0.5,0.6523972602739726,0.8870573870573871,0.6355932203389831,0.6707317073170732,0.3529411764705878,0.7948717948717949,0.818181818181818,0.4470588235294118,1.0,0.9312500000000057,0.3623188405797104,0.0,0.0,0.0
0.6664222873900294,0.048605119355766474,0.46875000000000255,0.6809360730593608,0.7950752950752951,0.3728813559322034,0.47560975609756106,0.2647058823529416,0.7435897435897435,0.7954545454545454,0.5411764705882353,1.0,0.9012500000000045,0.34057971014492694,0.0,0.0,0.0
0.5696480938416423,0.17917745182628703,0.3333333333333333,0.9457762557077626,0.5665445665445665,0.7796610169491526,1.0,0.23529411764705888,0.7948717948717949,0.8409090909090908,0.7058823529411765,1.0,0.8937500000000114,0.23913043478260762,0.0,0.0,0.0
0.4728739002932552,0.32154155881507046,0.0,0.8892694063926941,0.2924297924297924,0.12711864406779663,0.13414634146341467,0.20588235294117613,0.5384615384615384,0.6590909090909092,0.7294117647058823,1.0,0.8475000000000108,0.021739130434783448,0.0,0.0,0.0
0.591275659824047,0.364106988783434,0.0,0.9075342465753425,0.18599918599918597,0.8389830508474576,1.0,0.23529411764705888,0.8205128205128207,0.8863636363636364,0.8470588235294118,1.0,0.7562500000000085,0.0,0.0,0.0,0.0
0.8815982404692082,0.4026459591601956,0.4375000000000014,0.9660388127853882,0.0,0.8305084745762712,1.0,0.23529411764705888,0.8717948717948718,0.9318181818181817,0.8705882352941177,1.0,0.7175000000000011,0.31884057971014607,0.0,0.0,0.0
0.6986803519061584,0.4135749209088295,0.6041666666666681,0.8444634703196348,0.06186406186406185,0.12711864406779663,0.0,0.17647058823529443,0.8461538461538463,0.8863636363636364,0.8705882352941177,1.0,0.6950000000000074,0.4347826086956535,0.0,0.0,0.0
0.6774193548387096,0.4026459591601956,0.5312500000000011,0.8661529680365297,0.08852258852258851,0.1016949152542373,0.02439024390243905,0.11764705882352997,0.5897435897435898,0.6818181818181818,0.9058823529411765,1.0,0.6637500000000074,0.38405797101449385,0.0,0.0,0.0
0.5051319648093842,0.454127121081392,0.5,0.6623858447488585,0.11375661375661375,0.7372881355932203,1.0,0.08823529411764722,0.6666666666666666,0.6590909090909092,0.9058823529411765,1.0,0.6724999999999994,0.3550724637681151,0.0,0.0,0.0
0.16129032258064518,0.45498993385102104,0.46875000000000255,0.5656392694063928,0.29181929181929184,0.6355932203389831,0.6707317073170732,0.08823529411764722,0.30769230769230765,0.4318181818181819,0.8588235294117647,0.9447322970639033,0.710000000000008,0.3333333333333342,0.0,0.0,0.0
0.0,0.7615760713258557,0.46875000000000255,0.45376712328767127,0.4067969067969068,0.7203389830508474,1.0,0.0,0.6410256410256411,0.6818181818181818,0.6941176470588235,0.0,0.7175000000000011,0.3333333333333342,0.0,0.0,0.0
0.6129032258064516,0.8222605694564281,0.3645833333333345,0.0,0.5197395197395197,0.7203389830508474,1.0,0.02941176470588275,0.5128205128205129,0.5,0.6,1.0,0.6800000000000068,0.2753623188405792,0.0,0.0,0.0
0.22580645161290325,0.8484325568018407,0.229166666666669,0.30136986301369867,0.4804639804639804,0.0,0.02439024390243905,0.17647058823529443,0.46153846153846156,0.5,0.788235294117647,1.0,0.6337500000000063,0.1811594202898552,0.0,0.0,0.0
0.5051319648093842,0.99712395743457,0.2708333333333347,0.4106735159817352,0.7185592185592186,0.5254237288135595,1.0,0.3235294117647061,0.25641025641025644,0.36363636363636354,1.0,1.0,0.5962499999999977,0.2608695652173911,0.0,0.0,0.0
0.279692082111437,0.9585849870578085,0.30208333333333587,0.38898401826484014,0.5816035816035816,0.559322033898305,1.0,0.47058823529411775,0.0,0.0,0.43529411764705883,1.0,0.4587500000000091,0.507246376811594,0.0,0.0,0.0
0.36546920821114376,1.0,0.39583333333333565,0.4397831050228311,0.6434676434676434,0.1016949152542373,0.34146341463414637,0.5294117647058822,0.25641025641025644,0.2954545454545454,0.03529411764705882,1.0,0.34375,0.8188405797101448,0.0,0.0,0.0
0.21517595307917892,0.1719873454127121,0.6354166666666692,0.6943493150684931,0.4845339845339845,0.516949152542373,1.0,0.6470588235294111,0.41025641025641024,0.38636363636363635,0.011764705882352941,1.0,0.2362499999999983,0.8188405797101448,0.0,0.0,0.0
0.09677419354838712,0.09721023871153292,0.5625000000000023,0.5759132420091324,0.4824989824989825,0.6440677966101696,1.0,0.88235294117647,0.6410256410256411,0.6363636363636362,0.0,0.998272884283247,0.13000000000000966,1.0,0.0,0.0,0.0
0.4299853372434018,0.09519700891573193,1.0,0.720890410958904,0.6361416361416361,0.6186440677966102,1.0,1.0,0.8717948717948718,0.8863636363636364,0.15294117647058825,1.0,0.06875000000000853,0.9565217391304357,0.0,0.0,0.0
0.41935483870967744,0.181190681622088,0.8020833333333359,0.8430365296803652,0.5262515262515263,0.8305084745762712,1.0,0.9705882352941172,0.9487179487179489,0.9090909090909091,0.11764705882352941,0.998272884283247,0.015000000000000568,0.7028985507246374,0.0,0.0,0.0
0.5806451612903227,0.22950819672131148,0.8333333333333334,1.0,0.46499796499796503,0.6949152542372882,1.0,0.8235294117647056,0.7692307692307694,0.7954545454545454,0.21176470588235294,0.6804835924006909,0.0,0.6159420289855088,0.0,0.0,0.0
0.6341642228739003,0.15875754961173424,0.8020833333333359,0.9571917808219178,0.6237281237281237,1.0,1.0,0.7941176470588228,0.8205128205128207,0.8863636363636364,0.4,0.998272884283247,0.03125,0.5942028985507253,0.0,0.0,0.0
