0.5822183858437635,0.12997512437810946,0.37288135593220456,0.7680957683741648,0.43761467889908257,0.5925925925925926,0.10666666666666666,0.08888888888888857,0.7500000000000001,0.7592592592592592,0.34210526315789475,1.0,1.0,0.14864864864864796,0.269461077844319,0.7838660578386614,0.11316648531011878
1.0,0.11256218905472638,0.644067796610171,1.0,0.601223241590214,1.0,1.0,0.17777777777777715,0.8076923076923077,0.8148148148148149,0.3881578947368421,0.8451797385620915,1.0,0.27477477477477463,0.3293413173652646,0.6894977168949816,0.25516866158868384
0.7975830815709969,0.12779850746268662,0.6186440677966106,0.8983853006681513,0.4908256880733945,0.685185185185185,0.10666666666666666,0.1111111111111111,0.9615384615384617,0.9629629629629628,0.5131578947368421,0.03308823529411765,0.9121140142517787,0.26126126126126065,0.4431137724550953,0.7245053272450572,0.25190424374319953
0.8985757444971946,0.11784825870646769,0.5084745762711878,0.9479398663697104,0.5519877675840978,0.6481481481481481,0.05333333333333333,0.04444444444444429,1.0,1.0,0.5460526315789473,0.0,0.8266033254156695,0.19819819819819887,0.3952095808383346,0.7671232876712348,0.1795429815016312
0.5567544238239103,0.005286069651741292,0.5932203389830504,0.5620824053452115,0.7055045871559632,0.5740740740740741,0.05333333333333333,0.0,0.7500000000000001,0.8518518518518517,0.5526315789473685,0.5731209150326797,0.812351543942998,0.23873873873873938,0.4730538922155681,0.7473363774733687,0.23231773667029346
0.3543375053949072,0.0,0.5932203389830504,0.4832962138084632,0.5902140672782874,0.8518518518518519,1.0,0.04444444444444429,0.6153846153846154,0.537037037037037,0.6052631578947368,0.511437908496732,0.6080760095011859,0.2477477477477482,0.5209580838323288,0.7519025875190309,0.24537540805223085
0.3418213206732844,0.032649253731343274,0.533898305084745,0.5264476614699332,0.5446483180428134,0.7037037037037036,0.64,0.06666666666666604,0.5769230769230769,0.462962962962963,0.5789473684210527,0.3574346405228758,0.4061757719714855,0.22522522522522534,0.6047904191616867,0.7884322678843236,0.22850924918389634
0.11394044022442813,0.029539800995024866,0.4830508474576275,0.4270601336302895,0.42568807339449544,0.9074074074074072,0.42666666666666675,0.08888888888888857,0.6153846153846154,0.5925925925925926,0.631578947368421,0.08782679738562091,0.3325415676959627,0.19369369369369366,0.4970059880239591,0.7914764079147688,0.18607181719259988
0.2533448424687096,0.10385572139303485,0.533898305084745,0.5515033407572383,0.40703363914373086,0.6296296296296297,0.64,0.1111111111111111,0.5192307692307693,0.42592592592592593,0.7828947368421053,0.39705882352941174,0.3610451306413325,0.2117117117117113,0.6946107784431051,0.8143074581430748,0.22687704026115418
0.5442382391022874,0.18128109452736318,0.5084745762711878,0.7653118040089086,0.2896024464831804,0.6666666666666665,1.0,0.2666666666666665,0.5576923076923077,0.462962962962963,0.7894736842105263,0.639297385620915,0.2612826603325248,0.2117117117117113,0.712574850299393,0.8188736681887371,0.22687704026115418
0.29132498921018557,0.3519900497512438,0.4322033898305099,0.48440979955456565,0.028134556574923544,0.5555555555555555,1.0,0.1555555555555554,0.34615384615384615,0.2962962962962963,0.743421052631579,0.6515522875816994,0.27553444180522313,0.16216216216216198,0.7005988023952082,0.858447488584475,0.1741022850924919
0.4682779456193353,0.30814676616915426,0.322033898305084,0.6230512249443206,0.0,0.685185185185185,1.0,0.1111111111111111,0.15384615384615383,0.07407407407407406,0.6907894736842105,0.5988562091503268,0.3610451306413325,0.11711711711711628,0.754491017964072,0.9071537290715374,0.12894450489662773
0.48079413034095814,0.30286069651741293,0.12711864406779544,0.637249443207127,0.004892966360856273,0.6296296296296297,1.0,0.17777777777777715,0.5000000000000001,0.40740740740740733,0.6842105263157895,0.8598856209150327,0.3182897862232643,0.018018018018017643,0.7425149700598871,0.9863013698630186,0.02230685527747764
0.22788088044885632,0.34203980099502496,0.07627118644067786,0.4710467706013362,0.07339449541284404,0.537037037037037,1.0,0.08888888888888857,0.4038461538461539,0.31481481481481477,0.8026315789473685,0.7626633986928104,0.3467933491686341,0.0,0.7185628742514961,0.9969558599695603,0.0
0.0,0.541044776119403,0.0,0.27505567928730507,0.18440366972477065,0.48148148148148134,1.0,0.3111111111111108,0.6730769230769231,0.6111111111111112,0.8223684210526315,0.7295751633986928,0.37767220902611576,0.00450450450450361,0.754491017964072,1.0,0.009249183895540263
0.29132498921018557,0.8722014925373135,0.21186440677966106,0.10161469933184854,0.48929663608562685,0.537037037037037,1.0,0.4666666666666662,0.6153846153846154,0.6111111111111112,0.875,0.7299836601307189,0.3467933491686341,0.07207207207207217,0.7065868263473113,0.9315068493150713,0.07889009793253703
0.5317220543806647,0.8812189054726368,0.4322033898305099,0.0,0.6192660550458715,0.48148148148148134,0.64,0.4888888888888887,0.4230769230769231,0.3888888888888889,0.868421052631579,0.7369281045751634,0.3325415676959627,0.2657657657657658,0.6167664670658716,0.753424657534248,0.2758433079434155
0.7846353042727664,0.9291044776119405,0.533898305084745,0.010579064587973246,0.8544342507645258,0.46296296296296285,1.0,0.9777777777777774,0.2692307692307693,0.27777777777777773,1.0,0.9395424836601307,0.20190023752967332,0.46846846846846835,0.4071856287425194,0.5418569254185718,0.4695321001088134
0.8985757444971946,0.9760572139303483,0.8050847457627115,0.13752783964365253,1.0,0.5555555555555555,1.0,0.9555555555555549,0.019230769230769208,0.09259259259259259,0.7697368421052632,0.9701797385620915,0.15914489311163216,0.7792792792792799,0.4610778443113832,0.2846270928462727,0.8117519042437413
0.7086750107898144,1.0,1.0,0.24331848552338525,0.8865443425076452,0.0,0.05333333333333333,1.0,0.0,0.09259259259259259,0.8092105263157895,0.9775326797385621,0.09976247030878072,0.932432432432433,0.31137724550897666,0.1187214611872191,0.9624591947769301
0.4937419076391886,0.011815920398009954,0.9152542372881344,0.5528953229398663,0.6584097859327217,0.14814814814814806,0.42666666666666675,0.7555555555555552,0.17307692307692307,0.18518518518518517,0.0,0.741421568627451,0.08551068883610932,0.8288288288288291,1.0,0.3455098934550994,0.9260065288356895
0.5062580923608114,0.12904228855721395,0.8644067796610168,0.7207683741648107,0.42415902140672784,0.48148148148148134,1.0,0.8444444444444438,0.07692307692307691,0.0,0.046052631578947366,0.8815359477124183,0.05700712589073955,0.8918918918918926,0.11377245508983068,0.12024353120243626,0.8922742110990205
0.5442382391022874,0.18998756218905477,0.9152542372881344,0.765033407572383,0.26513761467889907,0.40740740740740744,1.0,0.7555555555555552,0.15384615384615383,0.20370370370370372,0.13157894736842105,0.8055555555555556,0.0,1.0,0.0,0.0,1.0
0.8735433750539491,0.22512437810945277,0.8644067796610168,0.9601893095768372,0.11620795107033641,0.018518518518518535,0.0,0.6444444444444442,0.09615384615384617,0.09259259259259259,0.29605263157894735,0.8398692810457516,0.07125890736341094,0.8153153153153152,0.3293413173652646,0.22526636225266855,0.8378672470076161
