0.7973284200829112,0.8348900271166013,0.4883720930232581,0.0,1.0,0.10416666666666675,0.0,0.17647058823529424,0.9230769230769229,0.8604651162790695,0.7207207207207207,0.99963113242346,0.9697933227345085,0.2867132867132869,0.0,0.0,0.0
0.48641179180101335,0.8348900271166013,0.3720930232558145,0.15704772475027748,0.8556822650412899,0.10416666666666675,0.0,0.17647058823529424,0.6153846153846153,0.813953488372093,0.7747747747747747,0.99963113242346,1.0,0.21678321678321594,0.6200941915227618,0.6186666666666648,0.4287519747235386
0.2298479963150622,0.8773727026212715,0.267441860465117,0.3138179800221975,0.782147070389304,0.06250000000000006,0.14285714285714282,0.11764705882353088,0.6153846153846153,0.6511627906976744,0.8108108108108109,0.99963113242346,0.9793322734499211,0.146853146853145,0.975405546834118,0.9806666666666667,0.6587677725118488
0.13542146476278213,1.0,0.3720930232558145,0.42591564927857933,0.7664176169878097,0.2708333333333334,0.14285714285714282,0.17647058823529424,0.7179487179487178,0.7209302325581395,0.6936936936936937,0.99963113242346,0.8918918918918992,0.20979020979020785,1.0,0.9886666666666647,0.7045813586097961
0.5946568401658222,0.19825248568846038,0.3720930232558145,0.820754716981132,0.5898545025560362,0.10416666666666675,0.14285714285714282,0.05882352941176544,0.7692307692307692,0.7441860465116277,0.7207207207207207,0.99963113242346,0.8346581875993689,0.22377622377622403,0.9858712715855568,0.9733333333333315,0.6979462875197484
0.864578535237218,0.3085266646580295,0.18604651162790725,0.8654273029966704,0.12072355485646875,0.0,0.14285714285714282,0.11764705882353088,0.8205128205128205,0.7906976744186045,0.6396396396396397,0.99963113242346,0.8044515103338592,0.10489510489510392,0.9633699633699633,0.9786666666666667,0.6338072669826227
0.9051128512206356,0.3368484483278096,0.08139534883720968,0.8196448390677026,0.0,0.0416666666666667,0.35714285714285693,0.11764705882353088,0.41025641025641024,0.5116279069767441,0.5945945945945946,0.99963113242346,0.8441971383147816,0.06293706293706285,0.9618001046572473,0.9859999999999994,0.6176935229067927
1.0,0.29044893040072317,0.0,0.9675360710321864,0.12622886354699178,0.14583333333333334,0.35714285714285693,0.0,0.20512820512820512,0.2325581395348837,0.13513513513513514,0.99963113242346,0.7567567567567597,0.013986013986013691,0.9523809523809519,0.9893333333333322,0.5892575039494479
0.7835099032703822,0.2925579993974089,0.034883720930233904,0.8540510543840178,0.21706645694062138,0.18750000000000003,0.35714285714285693,0.05882352941176544,0.3589743589743589,0.3023255813953489,0.5225225225225225,0.99963113242346,0.7567567567567597,0.020979020979019294,0.9544740973312403,0.9886666666666647,0.594628751974723
0.4730538922155688,0.30943055137089487,0.0,0.6786903440621532,0.3252064490758946,0.06250000000000006,0.35714285714285693,0.05882352941176544,0.07692307692307693,0.0930232558139535,0.36936936936936937,0.99963113242346,0.7376788553259163,0.0,0.9597069597069589,1.0,0.5889415481832558
0.5541225241824044,0.5573968062669479,0.08139534883720968,0.24306326304106549,0.1592607156901298,0.16666666666666669,0.35714285714285693,0.05882352941176544,0.1282051282051282,0.13953488372093023,0.11711711711711711,0.99963113242346,0.7074721780604066,0.04195804195804107,0.954997383568811,0.985333333333332,0.601895734597157
0.8512206356517732,0.6016872551973486,0.08139534883720968,0.04106548279689236,0.0640975226110893,0.4375,0.35714285714285693,0.05882352941176544,0.17948717948717946,0.11627906976744184,0.1981981981981982,0.99963113242346,0.7074721780604066,0.055944055944054764,0.956567242281527,0.9826666666666645,0.610426540284361
0.7701520036849377,0.594456161494426,0.1162790697674436,0.09128745837957822,0.09123082972866695,0.35416666666666663,0.35714285714285693,0.17647058823529424,0.02564102564102566,0.0,0.0,1.0,0.6406995230524636,0.06993006993006845,0.954997383568811,0.9779999999999992,0.6157977883096362
0.6890833717181022,0.6739981922265743,0.15116279069767335,0.011098779134295238,0.3826189539913488,0.41666666666666663,0.35714285714285693,0.11764705882353088,0.28205128205128205,0.25581395348837205,0.6576576576576577,0.16082626337144965,0.6200317965023847,0.1328671328671313,0.9497645211930926,0.9586666666666659,0.6363349131121654
0.6213726393367112,0.6643567339560109,0.18604651162790725,0.05771365149833518,0.37318128195045225,0.6249999999999999,0.35714285714285693,0.11764705882353088,0.17948717948717946,0.13953488372093023,0.6126126126126126,0.0,0.5723370429252852,0.22377622377622403,0.9481946624803766,0.9366666666666651,0.6707740916271738
0.5541225241824044,0.7110575474540525,0.3720930232558145,0.06798002219755825,0.5308690523004326,1.0,0.35714285714285693,0.23529411764705968,0.3846153846153846,0.3720930232558139,0.6126126126126126,0.07561785319070453,0.49443561208267595,0.3776223776223771,0.94924123495552,0.9013333333333312,0.7333333333333328
0.5002303086135421,0.7089484784573667,0.4418604651162782,0.10072142064372916,0.5316555249705073,0.75,0.607142857142857,0.4117647058823539,0.1282051282051282,0.16279069767441862,0.6756756756756757,0.9963113242345998,0.4753577106518325,0.39860139860139887,0.917320774463631,0.8659999999999997,0.7178515007898891
0.1759557807461999,0.4926182585115999,0.40697674418604846,0.4078801331853496,0.4117184427841133,0.6666666666666666,0.607142857142857,0.5882352941176461,0.0,0.02325581395348839,1.0,0.9535226853559572,0.5039745627980886,0.34965034965034975,0.9696493982208269,0.9273333333333321,0.7380726698262241
0.13542146476278213,0.32208496535100933,0.40697674418604846,0.5141509433962265,0.49547778214707044,0.33333333333333326,0.35714285714285693,0.8823529411764691,0.15384615384615385,0.13953488372093023,0.8108108108108109,0.9417189229066765,0.406995230524636,0.5314685314685302,0.9570905285190996,0.8733333333333325,0.8003159557661933
0.5269461077844311,0.23621572762880388,0.8604651162790726,0.7694228634850167,0.48328745576091237,0.35416666666666663,0.607142857142857,0.8235294117647057,0.3589743589743589,0.3953488372093023,0.7927927927927928,0.99963113242346,0.2909379968203399,1.0,0.9502878074306633,0.7553333333333327,0.9838862559241722
0.986181483187471,0.2723711961434167,0.3372093023255806,0.9925083240843509,0.21313409359024774,0.3958333333333333,0.607142857142857,0.7647058823529403,0.5897435897435896,0.6511627906976744,0.6396396396396397,0.99963113242346,0.22257551669316142,0.9790209790209782,0.9832548403976975,0.7919999999999993,1.0
0.8917549516351911,0.19192527869840315,1.0,1.0,0.6126622099882029,0.4375,0.607142857142857,1.0,1.0,1.0,0.6846846846846847,0.99963113242346,0.08585055643878645,0.7202797202797188,0.9942438513867071,0.8639999999999995,0.905213270142181
0.0,0.0,0.9651162790697703,0.4445061043285239,0.646873771136453,0.3958333333333333,1.0,0.705882352941177,0.9487179487179487,0.9069767441860463,0.7117117117117117,0.8129841386942088,0.05723370429253032,0.6153846153846149,0.9675562532705384,0.8639999999999995,0.8410742496050552
0.1759557807461999,0.6282012654413981,0.8139534883720927,0.3179800221975583,0.49075894612662213,0.7916666666666667,1.0,0.5294117647058827,1.0,1.0,0.6756756756756757,0.8967170785687938,0.0,0.5174825174825165,0.9612768184196747,0.8799999999999978,0.7990521327014231
