0.2481415021789285,0.0,1.0,1.0,1.0,1.0,1.0,1.0,0.6603773584905661,0.6249999999999999,0.4789915966386555,0.0,0.0,1.0,0.6587030716723563,0.4380242311276782,0.8829993535875863
0.233017175083312,0.01419278533412177,0.817142857142857,0.9906338488346765,0.9831565814098565,0.9666666666666667,1.0,0.8947368421052635,0.5471698113207546,0.515625,0.5098039215686274,0.0,0.11375661375660134,0.8430232558139537,0.5784982935153588,0.4352283317800546,0.6535229476405947
0.33068443988720847,0.328208160851567,0.759999999999999,0.9640601176214333,0.6415055105011437,0.7666666666666665,1.0,0.7368421052631577,0.22641509433962265,0.21874999999999997,0.6078431372549019,0.0,0.14550264550263453,0.8837209302325585,0.8156996587030708,0.6169617893755813,0.9127343244990274
0.2932581389387337,0.3719692489651093,0.9085714285714285,0.9030712263123504,0.627989186941152,0.6333333333333334,1.0,0.5789473684210538,0.0,0.0,0.680672268907563,0.0,0.1772486772486677,0.9186046511627903,0.869453924914677,0.6467847157502319,1.0
0.4434760317867214,0.6173861620342991,0.6000000000000004,0.6301459377042039,0.4169265959658973,0.6333333333333334,1.0,0.6315789473684211,0.3018867924528302,0.34374999999999994,0.9159663865546218,0.0,0.32275132275130225,0.6337209302325585,0.9018771331058034,0.7865796831314048,0.7459599224305109
0.8044091258651629,0.5901833234772323,0.6000000000000004,0.6883032019167937,0.12497400707007704,0.5666666666666668,1.0,0.6315789473684211,1.0,1.0,0.0056022408963585435,0.0,0.2751322751322675,0.6046511627906975,0.8873720136518759,0.7875116495806137,0.701357466063347
0.962317354524481,0.6404494382022471,0.41714285714285737,0.5523851012851231,0.0,0.9666666666666667,1.0,0.42105263157894807,0.9056603773584906,0.8906249999999999,0.025210084033613446,0.0,0.2592592592592359,0.41860465116279033,0.8967576791808886,0.8676607642124856,0.5307045895281208
1.0,0.7007687758722647,0.3999999999999996,0.37421041167501634,8.317737575379319E-4,0.9333333333333332,1.0,0.42105263157894807,0.9245283018867924,0.84375,0.028011204481792718,0.0,0.2751322751322675,0.4127906976744194,0.881399317406144,0.8555452003727856,0.511958629605688
0.8269674442450654,0.7693672383205205,0.12571428571428506,0.2526682639947724,0.19629860677895622,0.6333333333333334,1.0,0.2631578947368423,0.5660377358490566,0.515625,0.9775910364145658,0.0,0.3068783068783007,0.12790697674418547,0.8054607508532411,0.9040074557315922,0.1590174531351012
0.8195334529607793,0.80662329982259,0.14285714285714285,0.1749074275756916,0.24724474942815552,0.5,1.0,0.2631578947368423,0.6037735849056605,0.5625,0.0392156862745098,0.0,0.33862433862433383,0.12790697674418547,0.7926621160409569,0.8918918918918889,0.1512605042016814
0.7293001794411691,0.8687167356593729,0.0685714285714271,0.10651274232193424,0.39322104387606577,0.4333333333333333,1.0,0.10526315789473654,0.6037735849056605,0.53125,0.01680672268907563,0.0,0.5,0.05232558139534879,0.8412969283276451,0.9617893755824787,0.11958629605688544
0.6841835426813637,0.9710230632761677,0.0,0.0,0.5868163859430235,0.33333333333333337,0.6666666666666667,0.0,0.4150943396226416,0.37499999999999994,0.0,1.0,0.6137566137566014,0.0,0.8617747440273047,1.0,0.0833872010342628
0.466034350166624,0.9041986989946774,0.051428571428571344,0.22326290568503596,0.586608442503639,0.6000000000000001,1.0,0.0,0.5283018867924528,0.484375,1.0,1.0,0.7275132275132328,0.06976744186046574,0.8472696245733802,0.9608574091332698,0.1402714932126685
0.15047423737503204,0.9603784742755763,0.35999999999999943,0.4025266826399477,0.7870659180702848,0.0,0.0,0.3157894736842115,0.490566037735849,0.4375,0.011204481792717087,1.0,0.8227513227513022,0.3604651162790706,0.9667235494880534,0.9496738117427753,0.5332902391725926
0.3983593950269162,0.9686575990538142,0.34285714285714164,0.2145502069265955,0.695362861301726,0.6000000000000001,1.0,0.10526315789473654,0.6603773584905661,0.609375,0.03361344537815126,1.0,0.8888888888888689,0.3488372093023246,0.9607508532423213,0.9487418452935664,0.5171299288946362
0.12791591899512944,1.0,0.3771428571428572,0.4051404922674799,0.8224163027656478,0.30000000000000004,0.0,0.0,0.7358490566037735,0.6875,0.028011204481792718,1.0,0.8730158730158672,0.3837209302325585,0.9581911262798639,0.9319664492078281,0.5520361990950207
0.20302486541912335,0.8462448255470136,0.5428571428571425,0.43432803310825524,0.685589519650655,0.7333333333333332,1.0,0.05263157894736921,0.6226415094339622,0.5781249999999999,0.03081232492997199,1.0,0.9047619047619004,0.5813953488372097,0.9607508532423213,0.8555452003727856,0.7511312217194543
0.3758010766470136,0.9065641632170313,0.6171428571428562,0.2803310825528208,0.635683094198378,0.8999999999999999,1.0,0.10526315789473654,0.7924528301886793,0.7343749999999999,0.12044817927170869,1.0,0.8730158730158672,0.6337209302325585,0.9616040955631415,0.8359739049394205,0.8028442146089212
0.4811586772622405,0.8149024246008278,0.6685714285714275,0.3225876715312568,0.48326055312954874,0.7333333333333332,1.0,0.42105263157894807,0.6981132075471699,0.6249999999999999,0.14565826330532214,1.0,0.7751322751322675,0.7093023255813952,0.8959044368600684,0.7539608574091307,0.8125404007756959
0.3758010766470136,0.8793613246599643,0.7428571428571432,0.305380091483337,0.6088583905177791,0.6333333333333334,1.0,0.4736842105263154,0.5471698113207546,0.53125,0.14285714285714285,1.0,0.7275132275132328,0.761627906976744,0.15529010238908025,0.11463187325256059,0.18228829993536058
0.2104588567034094,0.7670017740981666,0.7085714285714276,0.4946634720104553,0.6400499064254522,0.6333333333333334,1.0,0.4736842105263154,0.5471698113207546,0.484375,0.11764705882352941,1.0,0.7751322751322675,0.7209302325581392,1.0,0.8350419384902115,0.9230769230769235
0.18046654703922071,0.5174452986398579,0.7085714285714276,0.7257678065780876,0.6404657933042213,0.30000000000000004,1.0,0.5263157894736846,0.32075471698113206,0.29687499999999994,0.09803921568627451,1.0,0.8571428571428357,0.7267441860465121,0.12969283276450594,0.10810810810810775,0.12152553329024039
0.20302486541912335,0.5174452986398579,0.7085714285714276,0.7307776083641908,0.6227906009565398,0.36666666666666675,1.0,0.42105263157894807,0.1320754716981132,0.12499999999999997,0.0056022408963585435,1.0,0.9523809523809352,0.7267441860465121,0.0,0.0,0.0
0.0,0.4364281490242459,0.7428571428571432,0.7192332825092572,0.7947598253275109,0.26666666666666666,1.0,0.36842105263157887,0.5471698113207546,0.4687499999999999,0.05042016806722689,1.0,1.0,0.744186046511629,0.011945392491467014,0.0018639328984146233,0.03167420814479596
