0.18002045687009893,0.38284106891701836,0.2413793103448278,0.626465661641541,0.0,0.2629482071713148,0.2990654205607477,0.011494252873563216,0.3541666666666667,0.37735849056603776,1.0,1.0,0.9326007326007355,0.18518518518518154,0.6716417910447469,0.9722222222221893,0.2981818181818147
0.10023866348448687,0.25035161744022505,0.2413793103448278,0.6390284757118928,0.1573856209150327,0.2669322709163347,0.2990654205607477,0.0,0.23958333333333337,0.26415094339622636,0.9558011049723757,1.0,0.9912087912087909,0.25925925925925414,0.7462686567164266,1.0,0.36727272727274224
0.3000340947834982,0.17721518987341772,0.13793103448276137,0.835427135678392,0.29150326797385623,0.0,0.0,0.0,0.18750000000000003,0.18867924528301885,0.9281767955801105,0.9970326409495549,0.9780219780219813,0.07407407407407261,0.5373134328357869,0.8611111111110453,0.18909090909090373
0.08012274122059326,0.03178621659634318,0.13793103448276137,0.44095477386934673,0.2925490196078432,0.5896414342629482,1.0,0.011494252873563216,0.10416666666666667,0.11320754716981132,0.9337016574585635,0.9792284866468842,0.9684981684981722,0.14814814814814523,0.6119402985074667,0.9166666666666666,0.2581818181818312
0.09001022843504945,0.9918424753867793,0.34482758620689424,0.36809045226130654,0.3027450980392157,0.0,0.0,0.03448275862068966,0.16666666666666669,0.14150943396226412,0.8895027624309392,1.0,1.0,0.37037037037036963,0.5223880597014934,0.527777777777712,0.43272727272726297
0.05011933174224344,0.9960618846694796,0.34482758620689424,0.37814070351758794,0.2724183006535948,0.0,0.0,0.04597701149425288,0.12499999999999997,0.09433962264150943,0.7348066298342542,0.9821958456973294,0.9641025641025633,0.25925925925925414,0.56716417910448,0.7222222222221893,0.338181818181824
0.040231844527787254,0.9949367088607595,0.13793103448276137,0.3777219430485762,0.2648366013071895,0.47410358565737054,1.0,0.0574712643678161,0.09375,0.09433962264150943,0.7348066298342542,0.9629080118694362,0.946520146520145,0.07407407407407261,0.40298507462687994,0.6944444444443787,0.13818181818182917
0.11012615069894306,0.0,0.2413793103448278,0.39865996649916247,0.31895424836601305,0.0,0.0,0.09195402298850576,0.010416666666666676,0.0188679245283019,0.6353591160220995,0.9614243323442137,0.9421245421245447,0.22222222222221782,0.5970149253731201,0.777777777777712,0.32727272727273293
0.0,0.9257383966244727,0.2413793103448278,0.33249581239530984,0.2245751633986928,0.4462151394422312,1.0,0.1149425287356322,0.0,0.0188679245283019,0.4530386740331492,0.9599406528189911,0.8747252747252718,0.22222222222221782,0.4626865671641601,0.6111111111110453,0.2836363636363685
0.13024207296283669,0.053445850914205346,0.2413793103448278,0.490787269681742,0.3233986928104575,0.4183266932270917,1.0,0.21839080459770116,0.010416666666666676,0.009433962264150992,0.2265193370165746,0.9643916913946587,0.8205128205128253,0.18518518518518154,0.4179104477611735,0.6111111111110453,0.23272727272726812
0.20013637913399254,0.1879043600562588,0.2413793103448278,0.7349246231155778,0.24392156862745099,0.43027888446215146,1.0,0.13793103448275862,0.03125000000000003,0.0,0.19337016574585636,0.0,0.7179487179487158,0.22222222222221782,0.26865671641791994,0.30555555555552266,0.2545454545454503
0.21002386634844872,0.15133614627285513,0.2413793103448278,0.7051926298157453,0.29411764705882354,0.4143426294820718,1.0,0.24137931034482762,0.3333333333333333,0.33962264150943394,0.0,0.5237388724035609,0.6549450549450517,0.18518518518518154,0.11940298507461342,0.138888888888856,0.17818181818181264
0.41016024548244123,0.04753867791842476,0.13793103448276137,0.5879396984924623,0.5296732026143791,0.0,0.0,0.4252873563218391,0.6354166666666666,0.660377358490566,0.0055248618784530384,0.5652818991097923,0.578754578754578,0.07407407407407261,0.11940298507461342,0.25,0.09818181818181987
0.3402659393112854,0.9476793248945149,0.0,0.19137353433835846,0.4708496732026144,0.4940239043824702,0.42990654205607476,0.5977011494252874,0.8854166666666667,0.9056603773584906,0.03867403314917127,0.16913946587537093,0.4666666666666678,0.0,0.0,0.16666666666666666,0.0
0.6099556767814525,0.989873417721519,0.13793103448276137,0.2889447236180904,0.698562091503268,0.7051792828685259,0.4953271028037383,0.7586206896551725,0.9687499999999999,1.0,0.055248618784530384,0.2922848664688427,0.30989010989011173,0.11111111111110891,0.26865671641791994,0.44444444444437864,0.15272727272727535
0.770201159222639,0.9485232067510548,0.2413793103448278,0.0,0.7783006535947712,0.8924302788844624,0.5981308411214954,0.9195402298850576,0.7916666666666666,0.8490566037735848,0.0718232044198895,0.09050445103857567,0.1750915750915744,0.18518518518518154,0.4925373134328002,0.6944444444443787,0.2654545454545414
0.9802250255710877,0.9960618846694796,0.6551724137931058,0.283500837520938,0.9832679738562091,1.0,0.5981308411214954,1.0,0.8020833333333333,0.8018867924528301,0.44751381215469616,0.787833827893175,0.04981684981684623,0.7407407407407393,0.6567164179104533,0.3333333333333333,0.7490909090909048
1.0,1.0,0.8965517241379275,0.3144891122278057,1.0,0.8207171314741036,0.5981308411214954,0.9195402298850576,0.8541666666666666,0.830188679245283,0.5414364640883977,0.8931750741839762,0.0,0.9629629629629637,0.6119402985074667,0.0,0.9236363636363624
0.960109103307194,0.04050632911392405,1.0,0.7441373534338359,0.9406535947712419,0.6414342629482073,0.5981308411214954,0.7471264367816093,1.0,0.9716981132075471,0.7237569060773481,0.6824925816023739,0.03589743589743662,1.0,0.6567164179104533,0.027777777777810674,0.9709090909090818
0.7401977497442892,0.09789029535864978,0.8965517241379275,1.0,0.6786928104575164,0.7450199203187252,0.4953271028037383,0.7241379310344828,0.8541666666666666,0.8773584905660377,0.7955801104972375,0.38724035608308605,0.05421245421245497,1.0,0.8059701492537068,0.25,1.0
0.5601772928741903,0.056540084388185655,0.793103448275861,0.6871859296482411,0.6295424836601307,0.6852589641434264,0.42990654205607476,0.8275862068965518,0.7083333333333333,0.7358490566037734,0.7624309392265194,0.17507418397626112,0.13479853479853734,0.7777777777777756,0.8059701492537068,0.47222222222218935,0.8290909090908976
0.32015001704739177,0.23066104078762306,0.793103448275861,0.90536013400335,0.19633986928104574,0.6772908366533865,0.42990654205607476,0.885057471264368,0.5416666666666666,0.5377358490566038,0.7458563535911602,0.9643916913946587,0.20219780219780187,0.7777777777777756,0.8805970149253866,0.5833333333333334,0.8545454545454348
0.20013637913399254,0.23150492264416314,0.793103448275861,0.759212730318258,0.18405228758169934,0.4541832669322709,0.3738317757009346,0.9080459770114944,0.5208333333333334,0.490566037735849,0.6685082872928176,0.9050445103857567,0.26959706959706636,0.7777777777777756,0.9104477611940267,0.6111111111110453,0.8545454545454348
0.22025230139788615,0.22053445850914202,0.793103448275861,0.7797319932998324,0.20209150326797387,0.4900398406374502,1.0,0.9195402298850576,0.34375000000000006,0.23584905660377356,0.4972375690607735,0.9391691394658753,0.28717948717948466,0.7777777777777756,1.0,0.75,0.8799999999999979
