0.17844092570036543,0.1621311945001432,1.0,0.7426408746846089,0.1045178691840863,0.15384615384615355,0.0,0.0,0.23809523809523808,0.3584905660377359,0.8579387186629527,0.5531914893617021,0.0,1.0,0.2933333333333491,0.12000000000000569,0.9893048128342494
0.17844092570036543,0.2053852764250931,1.0,0.7624053826745165,0.0,0.03846153846153849,0.0,0.15384615384615388,0.23809523809523808,0.30188679245283023,0.5793871866295265,0.8404255319148937,0.017543859649107645,1.0,0.2666666666666509,0.09333333333335354,1.0
0.10718635809987823,0.17101117158407333,1.0,0.7022708158116064,0.05461901550910317,0.07692307692307698,0.0,0.48717948717948717,0.8333333333333333,0.8113207547169812,0.6267409470752089,0.6063829787234043,0.07017543859643058,0.9615384615384623,0.2133333333333491,0.08000000000000379,0.9090909090909298
0.3215590742996346,0.1045545688914351,0.8461538461538435,0.7619848612279226,0.3344571813890762,0.03846153846153849,0.0,0.4102564102564103,0.45238095238095233,0.5094339622641509,0.7298050139275766,0.6914893617021277,0.017543859649107645,0.8846153846153801,0.18666666666669823,0.08000000000000379,0.8449197860962742
0.4287454323995128,0.08335720423947293,0.8461538461538435,0.7733389402859546,0.47673634524612274,0.30769230769230754,0.0,0.25641025641025644,0.35714285714285715,0.4150943396226415,0.9526462395543176,0.5319148936170213,0.17836257309939402,0.8076923076923048,0.10666666666669825,0.06666666666665404,0.7112299465240496
0.41047503045066996,0.0633056430822114,0.7307692307692313,0.7232968881412953,0.5084288604180714,0.5,0.0,0.30769230769230776,0.047619047619047616,0.18867924528301888,0.8189415041782729,0.3617021276595745,0.052631578947322934,0.7692307692307672,0.0,0.0,0.6203208556149794
0.5,0.008020624462904613,0.7307692307692313,0.6047098402018503,0.6877950101146324,0.3846153846153845,0.0,0.358974358974359,0.09523809523809523,0.18867924528301888,0.7910863509749304,0.6595744680851063,0.14327485380111224,0.7692307692307672,0.05333333333334912,0.040000000000001895,0.6203208556149794
0.5712545676004872,0.9395588656545402,0.6153846153846122,0.29941126997476875,0.7154416722859069,0.34615384615384603,0.0,0.38461538461538464,0.047619047619047616,0.30188679245283023,0.9192200557103064,0.425531914893617,0.2660818713449987,0.6538461538461541,0.12,0.16000000000000758,0.5240641711229959
0.7143727161997565,0.9183615010025781,0.5,0.18881412952060558,0.8024275118004046,0.769230769230769,0.0,0.4102564102564103,0.09523809523809523,0.22641509433962265,0.8467966573816156,0.2553191489361702,0.24853801169589107,0.5384615384615342,0.05333333333334912,0.16000000000000758,0.3529411764705681
0.8568818514007309,0.8791177313090803,0.23076923076923128,4.20521446593842E-4,0.7707349966284558,0.6538461538461535,0.0,0.48717948717948717,0.0,0.0,0.0,0.4148936170212766,0.19590643274850167,0.2692307692307637,0.17333333333334913,0.3866666666666692,0.1069518716577341
1.0,0.9011744485820682,0.11538461538461907,0.016820857863751065,1.0,0.4615384615384615,0.0,0.5384615384615385,0.42857142857142855,0.4716981132075472,0.027855153203342618,0.5425531914893617,0.286549707602291,0.11538461538461302,0.4933333333333491,0.7199999999999868,0.016042780748663915
0.7496954933008526,0.942709825264967,0.6153846153846122,0.2624053826745164,0.9049224544841538,0.5,0.0,0.512820512820513,0.47619047619047616,0.5471698113207547,1.0,0.2872340425531915,0.3918128654970698,0.5384615384615342,0.7466666666666508,0.7066666666666843,0.631016042780768
0.44640682095006096,0.9616155829275278,0.6153846153846122,0.38940285954583687,0.6190155091031693,0.0,0.0,0.5384615384615385,0.7857142857142856,0.7169811320754716,0.022284122562674095,0.3191489361702128,0.4824561403508591,0.6153846153846164,0.6266666666666508,0.5733333333333289,0.6631016042780958
0.0,0.0,0.5,0.5277544154751892,0.14767363452461227,0.423076923076923,0.0,0.5384615384615385,0.5714285714285714,0.6792452830188679,0.09749303621169916,0.0,0.7339181286550013,0.49999999999999656,0.6666666666666509,0.6666666666666825,0.5561497326203237
0.23203410475030453,0.13892867373245488,0.5,0.7565180824222035,0.18745785569790963,0.30769230769230754,0.0,0.6410256410256412,0.45238095238095233,0.5094339622641509,0.0807799442896936,0.3829787234042553,0.9122807017543954,0.4615384615384589,0.72,0.7333333333333365,0.5080213903743319
0.464068209500609,0.11572615296476653,0.38461538461538775,0.853238015138772,0.40863115306810516,0.03846153846153849,0.0,0.6410256410256412,0.7142857142857143,0.7735849056603773,0.04456824512534819,0.648936170212766,1.0,0.3846153846153836,0.7466666666666508,0.7733333333333384,0.4598930481283402
0.6607795371498173,0.13577771412202805,0.11538461538461907,1.0,0.45718138907619693,0.30769230769230754,0.0,0.6666666666666667,0.7857142857142856,0.7924528301886793,0.055710306406685235,0.5106382978723404,0.8947368421052877,0.1538461538461507,0.6266666666666508,0.7999999999999905,0.14438502673797524
0.41047503045066996,0.09452878831280435,0.23076923076923128,0.7872161480235491,0.43223196223870536,0.3846153846153845,0.0,0.6923076923076923,0.6666666666666666,0.7169811320754716,0.06963788300835655,0.5,0.821637426900606,0.2692307692307637,0.72,0.8266666666666901,0.28342245989303716
0.4287454323995128,0.04010312231452306,0.23076923076923128,0.6757779646761984,0.5697909642616318,0.6538461538461535,0.0,0.6923076923076923,0.42857142857142855,0.4716981132075472,0.033426183844011144,0.7021276595744681,0.8391812865497136,0.34615384615384587,1.0,1.0,0.49732620320854337
0.41047503045066996,1.0,0.23076923076923128,0.49243061396131205,0.6048550236008092,0.07692307692307698,0.0,0.7435897435897436,0.7142857142857143,0.7735849056603773,0.055710306406685235,0.9893617021276596,0.8391812865497136,0.34615384615384587,0.96,0.9733333333333478,0.4705882352941288
0.5712545676004872,0.9103408765396734,0.23076923076923128,0.21656854499579478,0.6439649359406608,1.0,0.0,0.8205128205128205,1.0,0.9056603773584906,0.11142061281337047,0.925531914893617,0.821637426900606,0.3076923076923082,0.8666666666666509,0.9199999999999963,0.39572192513368454
0.6607795371498173,0.8367230020051561,0.11538461538461907,0.0,0.423465947403911,0.8076923076923075,0.0,0.8461538461538463,0.9523809523809523,1.0,0.1671309192200557,0.9680851063829787,0.8567251461988212,0.1538461538461507,0.7466666666666508,0.9066666666666938,0.15508021390372584
0.464068209500609,0.873102262961902,0.0,0.1774600504625736,0.4389750505731625,0.8076923076923075,0.0,0.8974358974358976,0.9047619047619047,0.8867924528301887,0.2116991643454039,1.0,0.87719298245618,0.0,0.76,0.9866666666666977,0.0
0.5895249695493301,0.8398739616155828,0.11538461538461907,0.04751892346509675,0.39649359406608226,0.8076923076923075,0.0,1.0,0.976190476190476,0.9245283018867924,0.18662952646239556,0.8297872340425532,0.8947368421052877,0.11538461538461302,0.8,0.9599999999999981,0.1336898395721866
