0.3902439024390244,0.2580758426966292,1.0,0.9426184855638278,0.5217214778725132,0.7234042553191491,0.20370370370370383,0.22641509433962265,0.8431372549019608,0.923076923076923,0.08902077151335312,1.0,0.5227272727272942,0.9948453608247422,0.9972041006523764,0.9907038512616183,0.9956121105748128
0.47949002217294906,0.24578651685393257,1.0,1.0,0.5704425497360942,0.6382978723404257,0.20370370370370383,0.2641509433962264,0.7254901960784312,0.7884615384615385,0.03857566765578635,1.0,0.45454545454545453,1.0,0.9944082013047528,0.9867197875165982,1.0
0.23586474501108648,0.24824438202247187,0.9764705882352941,0.8411113128745233,0.534307754770605,0.7021276595744683,0.20370370370370383,0.3018867924528302,0.7647058823529411,0.8461538461538461,0.05637982195845697,1.0,0.38636363636370097,0.9948453608247422,0.9934762348555438,0.9867197875165982,0.99341816586222
0.203159645232816,0.3174157303370786,0.9588235294117649,0.814962774650445,0.4169711733658141,0.6595744680851066,0.20370370370370383,0.33962264150943394,0.8431372549019608,0.8846153846153847,0.026706231454005934,1.0,0.3409090909091124,0.963917525773196,0.9813606710158438,0.9800796812748996,0.9684071961386561
0.15437915742793792,0.5024578651685393,0.9411764705882353,0.7149082985291448,0.26228177019894433,0.4042553191489363,0.0,0.33962264150943394,0.588235294117647,0.6153846153846154,0.0,1.0,0.36363636363636365,0.9381443298969072,0.9906803355079202,0.99601593625498,0.9556823168056153
0.07317073170731708,0.7247191011235955,0.9411764705882353,0.6290176139458871,0.39788875355257813,0.6170212765957448,0.20370370370370383,0.2452830188679245,0.7058823529411764,0.6923076923076924,0.9940652818991098,0.9552238805970149,0.15909090909093063,0.9587628865979381,0.986952469711091,0.9880478087649398,0.9675296182536193
0.203159645232816,0.579002808988764,0.9411764705882353,0.6715089885600146,0.17174177831912296,0.6170212765957448,0.20370370370370383,0.22641509433962265,0.7254901960784312,0.75,0.9525222551928784,0.9402985074626866,0.022727272727337322,0.943298969072165,0.9897483690587145,0.9933598937583015,0.9578762615182097
0.23586474501108648,0.5372191011235955,0.9588235294117649,0.7069184674051208,0.13235891189606172,0.7234042553191491,0.20370370370370383,0.22641509433962265,0.6666666666666666,0.6538461538461539,0.9317507418397626,0.8955223880597015,0.04545454545458852,0.9742268041237114,0.9860205032618821,0.9827357237715781,0.9767441860465113
0.21951219512195125,0.44452247191011235,0.9764705882352941,0.7706555293263119,0.22533495736906212,1.0,0.20370370370370383,0.13207547169811323,0.8627450980392156,0.7884615384615385,0.9673590504451038,0.9029850746268657,0.0,0.9845360824742266,0.9981360671015854,0.9946879150066383,0.990785432207108
0.2682926829268293,0.3876404494382022,0.9764705882352941,0.8274922825494825,0.2570036540803897,0.6595744680851066,0.20370370370370383,0.0,1.0,1.0,0.9584569732937686,0.9701492537313433,0.15909090909093063,0.9690721649484536,1.0,1.0,0.981570864414216
0.38192904656319293,0.3953651685393258,0.9764705882352941,0.8825131650626475,0.1429151441331709,0.4468085106382978,0.20370370370370383,0.0566037735849057,0.9019607843137255,0.923076923076923,0.9584569732937686,0.9776119402985075,0.29545454545461003,0.9690721649484536,0.9888164026095057,0.9867197875165982,0.9771829749890304
0.39828159645232813,0.30266853932584264,0.9588235294117649,0.9429816597058289,0.3861144945188794,0.29787234042553196,0.20370370370370383,0.07547169811320752,0.803921568627451,0.7692307692307692,0.9673590504451038,0.9776119402985075,0.45454545454545453,0.9536082474226805,0.9822926374650528,0.9840637450199197,0.9605089951733217
0.13830376940133038,0.5101825842696628,0.4705882352941177,0.7072816415471219,0.28095818107998377,0.7659574468085109,1.0,0.09433962264150943,0.588235294117647,0.6153846153846154,0.9792284866468842,0.9552238805970149,0.590909090909134,0.46391752577319584,0.7474370922646778,0.8127490039840614,0.531812198332602
0.03242793791574279,0.449438202247191,0.588235294117647,0.6936626112220811,0.43848964677222896,0.0,0.20370370370370383,0.13207547169811323,0.4705882352941176,0.4807692307692307,0.9495548961424333,0.9626865671641791,0.7272727272727273,0.5618556701030927,0.8452935694315001,0.9057104913678599,0.638876700307152
0.0,0.47050561797752805,0.6294117647058824,0.679317232613038,0.47462444173771823,0.38297872340425543,0.20370370370370383,0.11320754716981132,0.6666666666666666,0.6538461538461539,0.9258160237388724,0.9477611940298507,0.8636363636364067,0.6288659793814432,0.8611369990680328,0.9110225763612215,0.6910925844668712
0.08952328159645234,0.7296348314606741,0.7470588235294117,0.6204830216088615,0.38246041412911086,0.4680851063829787,0.20370370370370383,0.3018867924528302,0.5686274509803921,0.5384615384615384,0.9228486646884273,0.8283582089552238,1.0,0.6649484536082475,0.8341099720410058,0.8738379814076993,0.7033786748573927
0.8453436807095344,0.8135533707865168,0.0,0.14799346286544401,0.0,0.3404255319148937,0.20370370370370383,0.33962264150943394,0.4901960784313725,0.4807692307692307,0.9287833827893175,0.9328358208955224,0.9545454545454977,0.0,0.1649580615097852,0.22310756972111453,0.0
1.0,0.8570926966292134,0.0,0.012529507899037548,0.21762078765732845,0.0,0.20370370370370383,0.5660377358490565,0.0784313725490196,0.2115384615384615,0.8753709198813057,0.8059701492537313,0.7272727272727273,0.09278350515463915,0.10810810810810775,0.1447543160690547,0.04124616059675193
1.0,0.8953651685393257,0.05882352941176463,0.0,0.5010150223304913,0.5106382978723404,0.20370370370370383,0.6792452830188679,0.13725490196078433,0.1346153846153846,1.0,0.8582089552238806,0.6590909090908875,0.22680412371134018,0.0,0.0,0.09082931110135901
0.6909645232815965,0.8964185393258426,0.1411764705882353,0.20246958416560745,0.5087291920422249,0.10638297872340435,0.20370370370370383,1.0,0.0,0.0,0.27596439169139464,0.8208955223880597,0.5681818181817967,0.2886597938144329,0.07921714818266619,0.0796812749003967,0.16366827555945485
0.4958425720620843,0.9174859550561798,0.21764705882352936,0.33230433993099695,0.587088915956151,0.29787234042553196,0.20370370370370383,0.6792452830188679,0.21568627450980388,0.17307692307692304,0.42136498516320475,0.9029850746268657,0.47727272727270575,0.3711340206185567,0.08853681267474262,0.07569721115537663,0.2224659938569539
0.35781596452328157,0.9322331460674157,0.23529411764705876,0.4249137461412747,0.606171335769387,0.12765957446808524,0.20370370370370383,0.7924528301886792,0.196078431372549,0.17307692307692304,0.37091988130563797,0.0,0.5454545454545454,0.34536082474226804,0.1276794035414729,0.12616201859229595,0.21763931548924909
0.17876940133037694,1.0,0.23529411764705876,0.5554748501906664,0.6528623629719853,0.04255319148936174,0.20370370370370383,0.5283018867924528,0.2352941176470588,0.17307692307692304,0.3916913946587537,0.9402985074626866,0.6590909090908875,0.3092783505154639,0.260018639328984,0.2828685258964156,0.24396665204036744
0.32511086474501105,0.0,0.35294117647058815,0.7301616124931904,1.0,0.08510638297872349,1.0,0.5471698113207546,0.43137254901960775,0.40384615384615374,0.3857566765578635,0.9850746268656716,0.8863636363636579,0.2835051546391752,0.2870456663560109,0.31739707835325465,0.23782360684510664
