0.5243332416827056,0.09172259507829976,0.8125000000000004,0.5673708920187794,0.34532122905027934,0.06153846153846151,0.0,0.0,0.3934426229508198,0.27868852459016397,1.0,0.0,0.0,0.8749999999999991,0.008810572687219775,0.0,0.7241379310344822
0.35496288149573824,0.0656226696495153,0.8125000000000004,0.4124413145539907,0.3334497206703911,0.0,0.0,0.08333333333333333,0.4262295081967213,0.3934426229508197,0.7,0.5169082125603864,0.0777453838678287,0.8125000000000004,0.0,0.00454545454546005,0.6650246305418699
0.12097882870497664,0.0,0.8125000000000004,0.20070422535211271,0.26466480446927376,0.1692307692307692,0.0,0.3749999999999999,0.8032786885245903,0.7540983606557378,0.5857142857142857,0.463768115942029,0.16715257531584388,0.8125000000000004,0.03524229074889475,0.03636363636363196,0.6773399014778366
0.2744019796535606,0.07345264727815065,0.8125000000000004,0.35704225352112684,0.26990223463687146,0.3846153846153846,0.08536585365853662,0.3333333333333333,0.819672131147541,0.7377049180327869,0.6142857142857143,0.4927536231884058,0.2497570456754077,0.7708333333333347,0.044052863436114524,0.054545454545456014,0.6453201970443267
0.0,1.0,0.8125000000000004,0.0,0.15048882681564243,0.5076923076923077,0.08536585365853662,0.3333333333333333,0.8688524590163936,0.8524590163934426,0.6428571428571429,0.463768115942029,0.3032069970845496,0.8333333333333334,0.061674008810569725,0.054545454545456014,0.7118226600985155
0.008248556502612052,0.2621178225205071,0.8125000000000004,0.15328638497652583,0.0,0.4615384615384614,0.13414634146341467,0.3749999999999999,0.8360655737704918,0.7868852459016392,0.5142857142857142,0.5410628019323671,0.35665694849368046,0.7916666666666676,0.07929515418502492,0.08181818181818402,0.6773399014778366
0.12097882870497664,0.08762117822520507,0.7291666666666653,0.2446009389671362,0.1672486033519553,0.6,0.13414634146341467,0.3333333333333333,0.8032786885245903,0.7868852459016392,0.4142857142857143,0.4830917874396135,0.4402332361516024,0.7291666666666653,0.0704845814977895,0.09090909090908797,0.6157635467980206
0.33076711575474294,0.16629381058911258,0.4166666666666667,0.43755868544600945,0.06843575418994413,0.6,0.13414634146341467,0.3333333333333333,0.8524590163934426,0.8852459016393441,0.34285714285714286,0.37681159420289856,0.5238095238095244,0.37500000000000094,0.008810572687219775,0.15000000000000405,0.226600985221686
0.7258729722298599,0.06152125279642059,0.1458333333333338,0.6859154929577467,0.5715782122905028,0.7230769230769231,0.13414634146341467,0.4999999999999999,0.9344262295081966,1.0,0.37142857142857144,0.46859903381642515,0.5655976676384797,0.10416666666666806,0.3127753303964663,0.48636363636362795,0.10344827586207138
0.8388781963156449,0.15212527964205816,0.0,0.8685446009389672,0.15921787709497204,1.0,0.1829268292682927,0.5416666666666666,1.0,1.0,0.42857142857142855,0.5072463768115942,0.600583090379006,0.0,0.2775330396475716,0.48181818181818403,0.0
0.895243332416827,0.14280387770320654,0.2083333333333324,0.9126760563380282,0.21927374301675975,0.8,0.13414634146341467,0.5833333333333333,0.9180327868852459,0.9344262295081966,0.3,0.5024154589371981,0.6958211856171034,0.25,0.5198237885462484,0.604545454545444,0.36453201970443616
0.927412702777014,0.10999254287844892,0.27083333333333287,0.9129107981220659,0.42108938547486036,0.7076923076923076,0.13414634146341467,0.5833333333333333,0.8688524590163936,0.7704918032786885,0.2714285714285714,0.7053140096618358,0.7677356656948499,0.22916666666666713,0.5286343612334682,0.613636363636364,0.3620689655172498
0.7500687379708552,0.1204325130499627,0.27083333333333287,0.7762910798122067,0.30761173184357543,0.6769230769230768,0.13414634146341467,0.5416666666666666,0.7704918032786885,0.7704918032786885,0.2,0.6811594202898551,0.8513119533527718,0.2916666666666676,0.49779735682819115,0.572727272727272,0.40147783251231883
0.5001374759417103,0.08911260253542136,0.4166666666666667,0.545774647887324,0.34287709497206703,0.523076923076923,0.1829268292682927,0.4999999999999999,0.7377049180327869,0.6229508196721311,0.05714285714285714,0.6038647342995169,0.9339164237123467,0.4166666666666667,0.49779735682819115,0.53636363636364,0.5246305418719159
0.39510585647511687,0.08389261744966443,0.4166666666666667,0.4586854460093897,0.3083100558659218,0.6,0.1829268292682927,0.4999999999999999,0.7868852459016396,0.7049180327868851,0.14285714285714285,0.40096618357487923,0.9757045675413022,0.4375000000000014,0.5066079295154109,0.53181818181818,0.5566502463054259
0.2823755842727523,0.049589858314690524,0.47916666666666713,0.3455399061032864,0.3215782122905028,0.6923076923076922,0.13414634146341467,0.5833333333333333,0.7213114754098362,0.7377049180327869,0.11428571428571428,0.7101449275362319,1.0,0.45833333333333426,0.48458149779735366,0.5136363636363559,0.5591133004926122
0.0566400879846027,0.10999254287844892,0.47916666666666713,0.19812206572769955,0.11662011173184357,0.6307692307692307,0.1829268292682927,0.5416666666666666,0.6721311475409836,0.6229508196721311,0.2714285714285714,0.7391304347826086,0.9222546161321713,0.5,0.46696035242289846,0.48181818181818403,0.593596059113291
0.33076711575474294,0.06935123042505593,0.5416666666666657,0.3974178403755869,0.31005586592178774,0.3846153846153846,0.13414634146341467,0.5833333333333333,0.4426229508196722,0.42622950819672134,0.18571428571428572,0.9130434782608695,0.8445092322643315,0.5208333333333329,0.4493392070484589,0.4590909090908999,0.6133004926108343
0.29832279351113555,0.039149888143176735,0.5416666666666657,0.347887323943662,0.3537011173184358,0.3692307692307692,0.08536585365853662,0.7083333333333333,0.5081967213114754,0.42622950819672134,0.18571428571428572,0.8599033816425121,0.7735665694849321,0.6041666666666681,0.427312775330386,0.42272727272726796,0.6724137931034465
0.4918889194390982,0.0510812826249068,0.8749999999999991,0.49859154929577476,0.4594972067039106,0.1846153846153846,0.048780487804878044,0.8333333333333333,0.3770491803278688,0.3114754098360656,0.2857142857142857,0.9420289855072463,0.7259475218658944,0.8958333333333319,0.427312775330386,0.32727272727271994,0.9655172413793037
0.6937036018696728,0.043251304996271445,0.9374999999999977,0.6312206572769954,0.6256983240223463,0.1076923076923077,0.048780487804878044,0.7499999999999999,0.06557377049180327,0.016393442622950907,0.3,0.8792270531400966,0.7016520894071966,0.9583333333333343,0.3259911894273038,0.22727272727272801,0.96798029556649
0.9194390981578224,0.032811334824757635,1.0,0.7664319248826291,0.8379888268156425,0.3846153846153846,1.0,0.7916666666666665,0.0,0.0,0.2,1.0,0.7492711370262342,1.0,0.2995594713656288,0.19545454545453994,1.0
0.9516084685180094,0.0037285607755406414,0.8749999999999991,0.7093896713615025,1.0,0.4153846153846154,1.0,0.9166666666666666,0.09836065573770486,0.04918032786885242,0.0,0.9855072463768116,0.827016520894074,0.8958333333333319,0.370044052863434,0.2863636363636441,0.9334975369458113
1.0,0.1401938851603281,0.27083333333333287,1.0,0.25314245810055863,0.0,0.0,1.0,0.27868852459016397,0.19672131147540986,0.0,0.9227053140096618,0.857142857142854,0.22916666666666713,1.0,1.0,0.593596059113291
