0.09150326797385623,1.0,0.4999999999999926,0.8193529059316956,1.0,0.09174311926605506,1.0,0.6170212765957447,0.15277777777777776,0.12328767123287669,0.0,0.8328118015198928,1.0,0.5714285714285696,0.02777777777771473,0.0,0.4090909090908773
0.0750213128729753,0.0,0.4999999999999926,0.884062312762133,0.9810901001112348,0.0,0.08333333333333331,0.6382978723404255,0.4444444444444445,0.3698630136986301,0.0,0.9400983459991059,0.9441923774954621,0.5714285714285696,0.08333333333334156,0.09375000000000347,0.4242424242424112
0.0,0.2940821256038647,1.0,0.8870581186339125,0.8548387096774193,0.08256880733944956,0.08333333333333331,0.6595744680851064,0.7777777777777777,0.821917808219178,0.0,0.9284756370138578,0.8525408348457355,0.8571428571428608,0.5000000000000493,0.3750000000000139,0.8787878787878902
0.05825518613242398,0.1328502415458937,0.4999999999999926,0.9397843019772318,0.9190767519466072,0.2844036697247706,0.0,0.6808510638297872,0.8333333333333333,0.8356164383561643,0.0,0.48323647742512293,0.8303085299455537,0.7142857142857089,0.41666666666670776,0.31249999999993755,0.8181818181818084
0.13327649900539928,0.7557367149758453,1.0,0.6629718394248053,0.8654060066740823,0.44954128440366975,0.08333333333333331,0.723404255319149,0.8888888888888888,0.9726027397260273,0.0,0.5574430040232454,0.6805807622504514,0.8571428571428608,0.3888888888888944,0.24999999999997224,0.8939393939393703
0.008240977550440468,0.7907608695652174,1.0,0.7950868783702816,0.8801446051167964,0.5779816513761469,0.16666666666666663,0.8297872340425533,0.8472222222222221,0.8356164383561643,0.0,0.7612874385337506,0.5834845735027209,1.0,0.4444444444444225,0.2812500000000104,1.0
0.1915316851378233,0.7823067632850241,1.0,0.6027561414020371,0.8979421579532814,0.5963302752293579,0.2916666666666666,1.0,0.8055555555555555,0.863013698630137,0.0,0.7161376843987484,0.527676950998183,0.8571428571428608,0.36111111111108096,0.21874999999993408,0.8636363636363563
0.2915601023017903,0.8269927536231884,0.4999999999999926,0.5197723187537447,0.9905450500556172,0.5871559633027523,0.2916666666666666,0.9787234042553192,0.7083333333333333,0.6712328767123288,0.0,0.48994188645507375,0.4668784029038131,0.5714285714285696,0.36111111111108096,0.31249999999993755,0.6212121212121368
0.39982949701619774,0.7961956521739131,0.0,0.39035350509287,0.9552280311457175,0.7064220183486238,0.43749999999999994,0.9787234042553192,0.6805555555555555,0.684931506849315,0.0,0.5958873491282968,0.41923774954627846,0.14285714285713924,0.19444444444439785,0.2812500000000104,0.1818181818181916
0.3333333333333333,0.7463768115942029,0.0,0.4535650089874176,0.8373192436040044,0.5779816513761469,0.2916666666666666,0.9148936170212765,0.625,0.5616438356164383,0.0,0.7921323200715243,0.36660617059891165,0.0,0.11111111111105629,0.24999999999997224,0.0
0.39982949701619774,0.7336956521739129,0.0,0.38795686039544636,0.7997775305895438,0.5045871559633027,0.2916666666666666,0.8297872340425533,0.43055555555555547,0.35616438356164376,0.0,0.7322306660706303,0.31397459165154484,0.0,0.16666666666668312,0.2812500000000104,0.0454545454545479
0.2833191247513498,0.6751207729468598,0.0,0.5473337327741163,0.7180200222469411,0.6146788990825689,0.43749999999999994,0.8723404255319149,0.04166666666666667,0.0,0.0,0.4774251229324989,0.29718693284936687,0.28571428571429114,0.055555555555528144,0.12499999999993061,0.1818181818181916
0.2665529980107985,0.5320048309178743,0.0,0.7711204313960456,0.578698553948832,0.5596330275229359,0.43749999999999994,0.8085106382978723,0.11111111111111112,0.05479452054794519,0.0,0.39696021457308894,0.2472776769509994,0.14285714285713924,0.16666666666668312,0.24999999999997224,0.0909090909090958
0.22506393861892587,0.5042270531400965,0.0,0.8256440982624326,0.6117908787541713,0.5137614678899083,0.6666666666666667,0.6808510638297872,0.0,0.08219178082191782,0.0,0.0,0.2000907441016364,0.28571428571429114,0.0,0.062499999999965306,0.2121212121212056
0.4083546462063086,0.43417874396135253,0.0,1.0,0.45522803114571736,0.5321100917431193,0.6666666666666667,0.46808510638297873,0.5694444444444444,0.5342465753424658,0.0,0.538667858739383,0.19464609800363258,0.28571428571429114,0.0,0.09375000000000347,0.1666666666666577
0.4165956237567491,0.4480676328502415,0.0,0.9658478130617136,0.43715239154616237,0.5045871559633027,0.6666666666666667,0.40425531914893625,0.7777777777777777,0.8767123287671232,0.0,0.41662941439427803,0.1805807622504539,0.14285714285713924,0.3055555555555528,0.3750000000000139,0.2272727272727395
0.49985791418016484,0.45954106280193224,0.0,0.9499700419412822,0.35066740823136816,0.6330275229357797,0.43749999999999994,0.29787234042553196,0.8888888888888888,0.8356164383561643,0.0,0.518998658918194,0.10843920145190979,0.28571428571429114,0.4444444444444225,0.4687500000000173,0.3484848484848493
0.8499573742540495,0.4839975845410627,0.4999999999999926,0.8843618933493109,0.0,0.7889908256880734,0.6666666666666667,0.23404255319148948,1.0,1.0,0.0,0.9392042914617792,0.0362976406533605,0.4285714285714304,0.6111111111111056,0.5937499999999479,0.5606060606060549
0.799943165672066,0.557367149758454,0.4999999999999926,0.5149790293588975,0.1081757508342603,0.8807339449541284,0.6666666666666667,0.17021276595744678,0.8611111111111112,0.8767123287671232,0.0,0.7402771569065713,0.02495462794918631,0.4285714285714304,0.6944444444444472,0.6562500000000243,0.6818181818181647
0.741687979539642,0.6041666666666665,0.0,0.3448172558418215,0.26362625139043383,0.7155963302752293,0.43749999999999994,0.1276595744680852,0.7499999999999999,0.863013698630137,0.0,0.5538667858739383,0.016787658802178005,0.28571428571429114,0.6666666666667325,0.6874999999999515,0.4393939393939451
0.8499573742540495,0.6295289855072463,0.0,0.17195925704014384,0.26473859844271413,0.8440366972477065,0.6666666666666667,0.08510638297872347,0.6805555555555555,0.7397260273972602,0.0,0.805543138131426,0.016787658802178005,0.14285714285713924,0.6666666666667325,0.6874999999999515,0.3939393939393972
1.0,0.6422101449275361,0.0,0.004493708807669326,0.21829810901001107,0.9357798165137614,0.6666666666666667,0.1276595744680852,0.9027777777777777,0.9041095890410957,0.0,1.0,0.014065335753178676,0.14285714285713924,0.7777777777777888,0.7812499999999549,0.45454545454542516
1.0,0.6434178743961352,0.0,0.0,0.22330367074527255,1.0,0.6666666666666667,0.10638297872340426,0.6805555555555555,0.726027397260274,0.0,0.9924005364327224,0.0,0.14285714285713924,0.9444444444444718,0.9374999999999237,0.545454545454521
0.8667235009946008,0.6742149758454105,0.0,0.012282804074295989,0.43659621802002224,0.7522935779816514,0.43749999999999994,0.0,0.7083333333333333,0.684931506849315,0.0,0.9101475189986589,0.0362976406533605,0.14285714285713924,1.0,1.0,0.5303030303030409
