0.22743977133523885,0.8638968481375358,0.6764705882352944,0.39098582576843444,0.7554425228891148,0.021276595744680864,0.0,0.0,0.3132530120481927,0.27999999999999997,0.29292929292929293,0.0,0.7355769230769228,0.6567164179104484,0.7525216138328539,0.7678300455235207,0.7103355704697983
0.20947325438954675,0.7987106017191977,0.625,0.4320751712056059,0.7436419125127162,0.14893617021276606,0.0,0.10576923076923084,0.3734939759036144,0.2899999999999999,0.16161616161616163,0.8948412698412699,0.5288461538461544,0.5970149253731349,0.7463976945244954,0.7678300455235207,0.689127516778523
0.07778685177623522,0.491404011461318,0.5808823529411761,0.5811434941869724,0.8472024415055952,0.8617021276595743,1.0,0.2115384615384616,0.7108433734939759,0.66,0.5050505050505051,0.7301587301587301,0.4254807692307838,0.5820895522388055,0.745677233429395,0.7688416793120887,0.683221476510067
0.3950592078399347,0.0,0.6764705882352944,0.9291288421723204,0.9694811800610377,0.6702127659574468,1.0,0.13461538461538466,0.6506024096385542,0.7100000000000001,0.7575757575757576,0.8333333333333334,0.23557692307692282,0.6716417910447765,0.7925072046109508,0.8103186646433991,0.7452348993288594
0.5269497754185383,0.11604584527220631,0.7426470588235295,0.9982481286829112,0.7849440488301119,0.8617021276595743,1.0,0.17307692307692307,0.8795180722891567,0.9399999999999998,0.8888888888888888,0.8968253968253969,0.11778846153846141,0.746268656716418,0.8440201729106629,0.8573596358118362,0.8072483221476519
0.5449162923642303,0.13825214899713462,0.8382352941176465,1.0,0.745676500508647,1.0,1.0,0.17307692307692307,0.8795180722891567,0.82,0.8888888888888888,0.9226190476190477,0.14663461538461578,0.8208955223880595,0.9218299711815566,0.9342438037430455,0.887785234899329
0.6406696610861575,0.26432664756446983,0.8823529411764705,0.9689440993788819,0.5173957273652086,0.8191489361702127,1.0,0.19230769230769235,1.0,1.0,0.8686868686868687,0.9087301587301587,0.0721153846153996,0.888059701492537,0.9628962536023062,0.9726858877086503,0.9371812080536926
0.38321763985300134,0.2242120343839541,0.9779411764705886,0.8451982799808886,0.7279755849440489,0.5957446808510638,1.0,0.201923076923077,0.7469879518072289,0.7999999999999999,1.0,0.9841269841269841,0.02884615384615437,0.9626865671641799,0.9953170028818451,0.9994941831057151,0.9855033557046994
0.41302572478562677,0.4183381088825214,1.0,0.7184265010351967,0.5576805696846389,0.9468085106382976,1.0,0.23076923076923084,0.8433734939759036,0.9100000000000001,0.9696969696969697,0.9603174603174603,0.0,1.0,1.0,1.0,1.0
0.9461004491629236,0.6926934097421202,0.0,0.3664596273291925,0.0,0.4999999999999999,1.0,0.22115384615384617,0.8674698795180721,0.85,0.9494949494949495,0.9365079365079365,0.10096153846155397,0.0,0.2669308357348702,0.305007587253415,0.16107382550335617
0.898121682319314,0.8409742120343837,0.11764705882352956,0.11578276795668094,0.18596134282807733,0.5425531914893617,1.0,0.23076923076923084,0.8433734939759036,0.85,0.9191919191919192,0.9265873015873016,0.11778846153846141,0.09701492537313493,0.24783861671469828,0.2741527567020746,0.17449664429530173
1.0,0.8839541547277935,0.13970588235294087,0.0,0.16887080366225835,0.28723404255319146,1.0,0.24038461538461542,0.7228915662650601,0.72,0.9393939393939394,0.9424603174603174,0.189903846153861,0.11940298507462699,0.05367435158501474,0.059686393525544806,0.03677852348993303
0.8321763985300122,0.9269340974212031,0.13970588235294087,0.026437330785156817,0.3635808748728382,0.10638297872340433,1.0,0.2788461538461539,0.5903614457831325,0.56,0.8888888888888888,0.9900793650793651,0.3076923076923224,0.126865671641791,0.0,0.0,0.0
0.7425479787668436,0.9319484240687679,0.25735294117647045,0.0703933747412008,0.4339776195320447,0.30851063829787234,1.0,0.33653846153846156,0.4216867469879518,0.4,0.8787878787878788,0.9920634920634921,0.41105769230769296,0.261194029850746,0.13112391930835762,0.12999494183105786,0.13369127516778562
0.4848917925683953,0.898997134670487,0.3235294117647057,0.24112119764293674,0.5804679552390641,0.0638297872340426,1.0,0.47115384615384615,0.36144578313253006,0.30999999999999994,0.8484848484848485,1.0,0.4399038461538473,0.32835820895522355,0.1808357348703179,0.17754172989377798,0.19033557046979865
0.29930583911800734,0.8717765042979941,0.4191176470588226,0.35308170090778784,0.7021363173957273,0.010638297872340432,1.0,0.6153846153846154,0.26506024096385544,0.17,0.898989898989899,0.8988095238095238,0.45432692307693817,0.4253731343283585,0.22946685878962553,0.22053616590794126,0.2544966442953023
0.1496529195590037,0.6425501432664755,0.48529411764705915,0.5247650899824813,0.770091556459817,0.1276595744680852,1.0,0.701923076923077,0.26506024096385544,0.20999999999999996,0.6565656565656566,0.38095238095238093,0.4399038461538473,0.5447761194029854,0.21685878962536037,0.19423368740515948,0.2778523489932888
0.03593303389138423,0.4054441260744986,0.6544117647058817,0.5930880713489408,0.8978636826042725,0.0,1.0,0.7596153846153847,0.12048192771084336,0.09,0.47474747474747475,0.876984126984127,0.39663461538462946,0.7238805970149259,0.20100864553314116,0.15781487101669253,0.31704697986577224
0.0,0.037965616045845245,0.6985294117647056,0.6212772734511864,1.0,0.08510638297872346,1.0,0.9038461538461539,0.0,0.0,0.0,0.9126984126984127,0.3509615384615403,0.850746268656717,0.18335734870317016,0.1244309559939295,0.3398657718120803
0.05389955083707636,0.169054441260745,0.8382352941176465,0.6493072145246058,0.9434384537131231,0.46808510638297884,1.0,1.0,0.5421686746987951,0.43999999999999995,0.9090909090909091,0.6587301587301587,0.4254807692307838,0.858208955223881,0.1826368876080697,0.12341932220536153,0.3412080536912756
0.08370763576970192,0.5594555873925501,0.7647058823529409,0.5588469501512979,0.8356052899287895,0.3936170212765958,1.0,0.9519230769230769,0.5301204819277109,0.43999999999999995,0.8484848484848485,0.5912698412698413,0.5288461538461544,0.7910447761194035,0.21865994236311218,0.16995447647951545,0.34926174496644274
0.15557370355247038,1.0,0.7941176470588239,0.37808568243350843,0.873855544252289,0.25531914893617014,1.0,0.8750000000000002,0.10843373493975901,0.12999999999999998,0.797979797979798,0.25793650793650796,0.6899038461538337,0.7835820895522394,0.29070605187319964,0.2488619119878608,0.40214765100671196
0.35320538995508366,0.9849570200573065,0.720588235294117,0.25879917184265006,0.7483214649033572,0.5212765957446808,1.0,0.8846153846153847,0.15662650602409636,0.15999999999999998,0.47474747474747475,0.9305555555555556,0.8365384615384495,0.7238805970149259,0.26621037463976976,0.22913505311077356,0.3653691275167789
0.29930583911800734,0.9699140401146129,0.6764705882352944,0.29956999522216904,0.7688708036622584,0.48936170212765945,1.0,0.8653846153846155,0.3253012048192771,0.2899999999999999,0.13131313131313133,0.9761904761904762,1.0,0.6492537313432843,0.30079250720461126,0.27516439049064256,0.37046979865771806
