1.0,0.7759376522162689,1.0,0.15291262135922326,0.0,0.6428571428571429,0.15476190476190482,0.33928571428571436,0.9545454545454545,0.92,0.0,0.9024390243902439,0.0,1.0,0.5907590759075911,0.4666666666666599,0.9207920792079223
0.8448731501057081,0.7345348270823185,0.9230769230769247,0.3704490291262136,0.07547582585867431,0.7571428571428572,0.1071428571428572,0.23214285714285718,1.0,1.0,0.0,0.8780487804878049,0.0806754221388481,0.9459459459459447,0.6666666666666666,0.5666666666666633,0.9207920792079223
0.7441860465116279,0.7053093034583536,0.846153846153847,0.49666262135922323,0.13804419164296658,0.9571428571428571,0.6785714285714287,0.25000000000000006,0.9090909090909092,0.8266666666666665,0.0,0.8780487804878049,0.24202626641650163,0.8108108108108101,0.6963696369636978,0.6285714285714329,0.8633663366336649
0.6432346723044396,0.6902094495859717,0.6666666666666666,0.5628033980582523,0.21439509954058203,1.0,0.6785714285714287,0.19642857142857145,0.9090909090909092,0.9733333333333332,0.0,0.8536585365853658,0.29831144465291176,0.702702702702702,0.7194719471947258,0.6809523809523814,0.807920792079205
0.4339323467230443,0.6181198246468582,0.7435897435897443,0.7390776699029126,0.3841610150951652,0.9571428571428571,0.6785714285714287,0.16071428571428575,0.7575757575757576,0.6933333333333332,0.0,0.8577235772357723,0.39024390243902907,0.7297297297297284,0.871287128712877,0.847619047619048,0.8950495049504932
0.410676532769556,0.5460301997077447,0.5128205128205137,0.8671116504854368,0.42660249398381106,0.5285714285714287,0.07142857142857145,0.17857142857142858,0.5303030303030304,0.5066666666666667,0.0,0.8699186991869918,0.39024390243902907,0.5945945945945937,0.9768976897689836,0.9952380952380895,0.8673267326732668
0.36416490486257924,0.5494398441305407,0.5897435897435913,0.8425364077669902,0.4609494640122511,0.41428571428571426,0.04761904761904767,0.10714285714285716,0.6515151515151516,0.6266666666666666,0.0,0.9227642276422764,0.49530956848029384,0.5945945945945937,0.9768976897689836,1.0,0.8693069306930711
0.26347780126849896,0.7228446176327326,0.6666666666666666,0.5849514563106796,0.5316123386567492,0.37142857142857155,0.0,0.10714285714285716,0.5303030303030304,0.4533333333333333,0.0,0.9552845528455285,0.5872420262664112,0.7837837837837837,1.0,0.9809523809523747,1.0
0.5502114164904861,0.9196298100340965,0.0,0.11286407766990288,0.498796762196456,0.3285714285714286,0.27380952380952384,0.07142857142857142,0.3333333333333333,0.33333333333333337,0.0,0.8699186991869918,0.7016885553470883,0.027027027027026442,0.5313531353135289,0.6047619047618971,0.28712871287128683
0.6046511627906976,0.9659035557720409,0.5128205128205137,0.0,0.5506453730037191,0.20000000000000004,0.27380952380952384,0.0,0.18181818181818185,0.17333333333333337,0.0,0.8983739837398373,0.724202626641648,0.5405405405405409,0.5577557755775644,0.5285714285714296,0.6138613861386125
0.5348837209302325,1.0,0.6666666666666666,0.04247572815533976,0.6300590680376286,0.35714285714285726,1.0,0.03571428571428572,0.10606060606060609,0.08000000000000002,0.0,0.9227642276422764,0.7467166979362078,0.702702702702702,0.6666666666666666,0.6190476190476119,0.772277227722775
0.4960359408033826,0.9727228446176328,0.6666666666666666,0.10649271844660188,0.5989936556552177,0.31428571428571433,0.6785714285714287,0.125,0.03030303030303033,0.040000000000000036,0.0,0.8821138211382114,0.7936210131332055,0.648648648648649,0.798679867986797,0.7809523809523679,0.8158415841584156
0.36416490486257924,0.9352167559668777,0.6666666666666666,0.2745752427184466,0.6020564427915117,0.31428571428571433,0.6785714285714287,0.23214285714285718,0.0454545454545455,0.1066666666666667,0.0,0.7642276422764228,0.8499061913695943,0.7297297297297284,0.8448844884488532,0.8190476190476186,0.8811881188118835
0.1627906976744186,0.8168533852898198,0.6666666666666666,0.5415655339805825,0.6364034128199519,0.27142857142857146,0.6785714285714287,0.28571428571428575,0.0,0.0,0.0,1.0,0.8968105065665921,0.7297297297297284,0.87788778877888,0.8523809523809417,0.9089108910891099
0.36416490486257924,0.936678032148076,0.41025641025641096,0.2730582524271844,0.603806606869394,0.34285714285714297,1.0,0.33928571428571436,0.10606060606060609,0.1066666666666667,0.0,0.9390243902439024,0.9774859287054403,0.0,0.0,0.0,0.0
0.007663847780126844,0.6064296151972722,0.5897435897435913,0.6865898058252426,0.7350689127105666,0.0,0.20238095238095244,0.39285714285714285,0.2272727272727273,0.17333333333333337,0.0,0.9349593495934959,1.0,0.27027027027026923,0.17821782178217485,0.1523809523809519,0.25148514851484977
0.108615221987315,0.11787627861665852,0.7435897435897443,0.8449635922330097,0.8214832640560054,0.37142857142857155,1.0,0.5,0.24242424242424246,0.22666666666666663,0.0,0.9715447154471545,0.782363977485915,0.6756756756756754,0.42574257425742223,0.35238095238094175,0.6297029702970267
0.3179175475687103,0.015099853872381887,0.7435897435897443,0.9960558252427184,0.9744038503609714,0.3857142857142857,1.0,0.5357142857142857,0.4393939393939394,0.3466666666666667,0.0,0.7479674796747967,0.6435272045028213,0.7837837837837837,0.6666666666666666,0.6047619047618971,0.8237623762376262
0.3409090909090909,0.0,0.7435897435897443,1.0,1.0,0.07142857142857141,0.0,0.625,0.5000000000000001,0.42666666666666664,0.0,0.9186991869918699,0.5403377110694134,0.7567567567567572,0.7887788778877867,0.7428571428571341,0.8792079207920791
0.28673361522198726,0.05309303458353628,0.7435897435897443,0.9993932038834951,0.9278057317873551,0.17142857142857143,0.07142857142857145,0.7678571428571429,0.393939393939394,0.3466666666666667,0.0,0.6178861788617886,0.5178236397748536,0.7837837837837837,0.8019801980198045,0.7571428571428489,0.8950495049504932
0.1937103594080338,0.09254749147588891,0.7435897435897443,0.9280946601941746,0.8617370378472982,0.35714285714285726,0.48809523809523825,0.8928571428571429,0.4393939393939394,0.3466666666666667,0.0,0.0,0.5628517823639732,0.7567567567567572,0.8877887788778903,0.8571428571428523,0.9287128712871329
0.13187103594080338,0.23283000487092062,0.6666666666666666,0.8810679611650485,0.768103259680595,0.28571428571428575,0.07142857142857145,0.9285714285714287,0.5303030303030304,0.44000000000000006,0.0,0.8252032520325203,0.48217636022514637,0.702702702702702,0.8877887788778903,0.8714285714285671,0.8871287128712897
0.007663847780126844,0.14028251339503167,0.6666666666666666,0.737257281553398,0.790855392693065,0.30000000000000004,0.07142857142857145,0.9642857142857143,0.5000000000000001,0.41333333333333333,0.0,0.8658536585365854,0.48217636022514637,0.6756756756756754,0.907590759075911,0.8952380952380861,0.8950495049504932
0.0,0.45737944471505115,0.6666666666666666,0.7108616504854368,0.749726536862831,0.24285714285714285,0.07142857142857145,1.0,0.18181818181818185,0.20000000000000007,0.0,0.7398373983739838,0.4033771106941765,0.7297297297297284,0.9273927392739318,0.9095238095238009,0.9306930693069303
