0.47368421052631576,0.8422373610613122,0.1875000000000014,0.16049382716049387,0.6892289582107122,1.0,1.0,0.0833333333333334,0.4473684210526316,0.4666666666666667,0.1935483870967742,0.8026315789473685,1.0,0.28571428571428603,0.0,0.0,0.005235602094247265
0.4210526315789473,0.8637504481893151,0.4375000000000014,0.1952566601689409,0.7257210123602118,0.783653846153846,1.0,0.2499999999999998,0.7105263157894738,0.6888888888888889,0.14516129032258066,0.881578947368421,0.8805031446540891,0.428571428571428,0.21212121212121973,0.18750000000000278,0.25130890052357113
0.3510765550239234,0.8877733954822515,0.4375000000000014,0.24074074074074076,0.7474985285462035,1.0,1.0,0.6666666666666664,0.9736842105263159,0.8888888888888888,0.27419354838709675,1.0,0.7987421383647834,0.4761904761904767,0.2323232323232287,0.18750000000000278,0.28795811518324615
0.3157894736842105,0.0,0.4375000000000014,0.5864197530864198,0.8310771041789288,0.798076923076923,1.0,0.5,0.8157894736842105,0.7777777777777777,0.5161290322580645,0.9342105263157895,0.8301886792452938,0.4761904761904767,0.24242424242425112,0.21249999999998834,0.27748691099477024
0.47368421052631576,0.11115095016134817,0.1875000000000014,0.7196231319038335,0.6921718658034137,0.8365384615384615,1.0,0.5833333333333334,0.868421052631579,0.7555555555555555,0.3548387096774194,0.881578947368421,0.7484276729559762,0.23809523809523728,0.3737373737373991,0.38749999999997614,0.11518324607330963
0.8241626794258372,0.10362136966654713,0.0,0.9018843404808318,0.7957622130665096,0.7548076923076923,1.0,0.3333333333333332,0.7368421052631579,0.711111111111111,0.6129032258064516,0.8289473684210527,0.6981132075471691,0.04761904761904661,0.42424242424243946,0.4749999999999922,0.0
1.0,0.1122266045177483,0.0,1.0,0.794585050029429,0.7163461538461539,1.0,0.2499999999999998,0.8421052631578948,0.7777777777777777,0.7419354838709677,0.868421052631579,0.6666666666666706,0.0,0.8080808080808252,0.8624999999999684,0.11518324607330963
0.8947368421052629,0.05951954105414127,0.0,0.9005847953216374,1.0,0.75,1.0,0.0833333333333334,0.8157894736842105,0.7777777777777777,0.7419354838709677,0.9605263157894737,0.6100628930817685,0.14285714285714196,0.8989898989899193,0.9249999999999989,0.25130890052357113
0.9473684210526313,0.07314449623520974,0.1875000000000014,0.9415204678362573,0.9623307828134197,0.8653846153846154,1.0,0.1666666666666668,0.6578947368421053,0.6222222222222222,0.7096774193548387,0.9078947368421053,0.5723270440251632,0.1904761904761907,1.0,1.0,0.36649214659686213
0.3684210526315789,0.03155252778773755,0.4375000000000014,0.6293047433398311,0.8163625662154208,0.0,0.0,0.0833333333333334,0.7894736842105263,0.8222222222222222,0.6612903225806451,0.9868421052631579,0.5471698113207597,0.3809523809523814,0.979797979797991,0.9374999999999695,0.53403141361257
0.06997607655502391,0.4062387952671207,0.1875000000000014,0.46296296296296297,0.4696880517951736,0.7740384615384616,1.0,0.2499999999999998,0.894736842105263,0.8888888888888888,1.0,0.9473684210526315,0.5408805031446529,0.28571428571428603,0.9898989898990135,0.97499999999997,0.455497382198954
0.298444976076555,0.6643958408031551,0.1875000000000014,0.2894736842105263,0.37198351971748084,0.7692307692307693,1.0,0.0833333333333334,0.9736842105263159,1.0,0.967741935483871,0.9736842105263158,0.48427672955975076,0.28571428571428603,0.9494949494949596,0.9374999999999695,0.42408376963350763
0.3157894736842105,0.6468268196486195,0.1875000000000014,0.2930474333983106,0.3372572101236021,0.783653846153846,1.0,0.0,0.6842105263157894,0.6666666666666665,0.6612903225806451,0.0,0.4150943396226469,0.1904761904761907,0.979797979797991,1.0,0.33507853403141574
0.8767942583732056,0.6948727142344925,0.0,0.0,0.13537374926427306,0.75,1.0,0.2499999999999998,0.7105263157894738,0.7333333333333334,0.9193548387096774,0.6052631578947368,0.4402515723270505,0.09523809523809534,0.9191919191919282,0.9499999999999844,0.23036649214660065
0.7541866028708133,0.6303334528504839,0.0,0.14262508122157247,0.0,0.673076923076923,1.0,0.2499999999999998,0.5789473684210527,0.6,0.8064516129032258,0.5263157894736842,0.4150943396226469,0.14285714285714196,0.8686868686868879,0.8999999999999689,0.2408376963350766
0.4563397129186602,0.6012907852276801,0.0,0.2829759584145549,0.17127722189523248,0.6490384615384616,1.0,0.3333333333333332,0.4736842105263158,0.4666666666666667,0.8709677419354839,0.6842105263157895,0.3836477987421365,0.1904761904761907,0.8686868686868879,0.8874999999999983,0.30890052356021663
0.12260765550239235,0.2674793832915023,0.4375000000000014,0.5214424951267057,0.4932313125367863,0.6057692307692307,1.0,0.3333333333333332,0.6842105263157894,0.6666666666666665,0.9516129032258065,0.75,0.3396226415094362,0.3809523809523814,0.8989898989899193,0.8749999999999833,0.4973821989528764
0.4563397129186602,0.20186446755109358,0.4375000000000014,0.7092267706302793,0.4690994702766333,0.5576923076923076,1.0,0.5,0.4473684210526316,0.4666666666666667,0.7580645161290323,0.618421052631579,0.25786163522013056,0.5238095238095233,0.8686868686868879,0.8124999999999972,0.5968586387434628
0.6668660287081338,0.17784152025815703,0.625,0.8284600389863548,0.5032371983519718,0.6586538461538461,1.0,0.41666666666666663,0.2105263157894737,0.24444444444444446,0.0,0.6842105263157895,0.09433962264150741,0.714285714285714,0.8585858585858654,0.7624999999999816,0.7591623036649234
0.8947368421052629,0.10720688418788095,0.625,0.9411955815464587,0.7957622130665096,0.5721153846153846,1.0,0.8333333333333333,0.18421052631578946,0.2222222222222222,0.6129032258064516,0.17105263157894737,0.11949685534591098,0.8095238095238093,0.8383838383838566,0.7125000000000106,0.8481675392670153
0.929425837320574,0.07816421656507709,0.8125000000000013,0.9376218323586744,0.9340788699234843,0.5721153846153846,1.0,0.6666666666666664,0.0,0.0,0.08064516129032258,0.5394736842105263,0.06918238993710385,1.0,0.7676767676767713,0.6000000000000089,1.0
0.6489234449760765,0.10971674435281462,0.625,0.8125406107862249,0.7321954090641553,0.6634615384615384,1.0,0.9166666666666662,0.2105263157894737,0.17777777777777773,0.12903225806451613,0.3684210526315789,0.03773584905660535,0.5238095238095233,0.8282828282828341,0.7624999999999816,0.6073298429319387
0.0,1.0,1.0,0.4239766081871345,0.6262507357268982,0.7019230769230769,1.0,0.9166666666666662,0.42105263157894735,0.4222222222222222,0.4032258064516129,0.9210526315789473,0.05031446540880713,0.9523809523809512,0.8282828282828341,0.67500000000001,0.9685863874345536
0.5263157894736841,0.8461814270347793,0.8125000000000013,0.13352826510721252,0.7098293113596232,0.7451923076923077,1.0,1.0,1.0,0.9777777777777779,0.41935483870967744,0.8947368421052632,0.0,0.714285714285714,0.8888888888888968,0.7874999999999672,0.795811518324617
