0.3039117352056168,0.8831308077198,1.0,0.50786129657549,0.962614071239329,0.3401639344262295,0.7476635514018692,0.7804878048780489,0.0,0.0,0.41714285714285715,1.0,1.0,1.0,0.0,0.0,0.0
0.19592109662320292,0.8127233738384562,0.0,0.5287529614473401,0.8227848101265823,0.3442622950819672,0.7476635514018692,0.7073170731707318,0.07627118644067796,0.07246376811594203,0.4657142857142857,0.9869281045751634,0.99982196902261,0.44444444444444337,0.2427884615384612,0.25595238095238554,0.12337662337662428
0.35305917753259775,0.7751965689778415,0.5714285714285733,0.41998707732069784,0.7965852222549308,0.3360655737704918,1.0,0.7073170731707318,0.1016949152542373,0.09420289855072463,0.4714285714285714,0.9226579520697168,0.9994659070678298,0.6666666666666651,0.6442307692307673,0.6458333333333361,0.6396103896103873
0.2942159812771648,0.7147962830593283,0.5714285714285733,0.45681671333189744,0.6847218133647337,0.36885245901639346,1.0,0.7317073170731708,0.05932203389830509,0.05797101449275361,0.4514285714285714,0.9509803921568627,0.9987537831582696,0.44444444444444337,0.7620192307692285,0.764880952380952,0.7110389610389538
0.14710799063858243,0.688348820586133,0.5714285714285733,0.5548136980400603,0.6741242272593465,0.3278688524590164,1.0,0.7073170731707318,0.06779661016949151,0.0797101449275362,0.46,0.9537037037037037,0.9976855972939292,0.333333333333335,0.8173076923076982,0.8244047619047599,0.7402597402597341
0.0,0.03752680486061471,0.0,0.7796683178979108,0.7615543126287901,0.3073770491803279,1.0,0.6829268292682927,0.07627118644067796,0.07246376811594203,0.3942857142857143,0.931917211328976,0.9968547860661089,0.22222222222222168,0.8052884615384612,0.8154761904761881,0.6948051948051908
0.15680374456703441,0.0,0.5714285714285733,0.8640964893387896,0.842508095378275,0.2827868852459016,0.7476635514018692,0.7073170731707318,0.0847457627118644,0.08695652173913045,0.35714285714285715,0.8976034858387799,0.9962613494748086,0.22222222222222168,0.7908653846153836,0.8005952380952388,0.6980519480519479
0.23537278502173184,0.0439599714081487,0.0,0.9263407279776007,0.8148366205475419,0.3073770491803279,0.7476635514018692,0.6829268292682927,0.11864406779661019,0.12318840579710146,0.2857142857142857,0.238562091503268,0.9957272565426385,0.22222222222222168,0.7379807692307715,0.7470238095238085,0.6233766233766243
0.2547642928786359,0.020014295925661195,0.0,0.9295713978031445,0.8545775684427437,0.0,0.0,0.6829268292682927,0.2542372881355932,0.2463768115942029,0.26,0.42320261437908496,0.9948371016556882,0.1111111111111133,0.8341346153846164,0.8452380952380973,0.7207792207792139
0.16649949849548648,0.008577555396711933,0.5714285714285733,0.8729269868619427,0.8372093023255814,0.3114754098360656,0.7476635514018692,0.6829268292682927,0.2796610169491525,0.29710144927536225,0.25142857142857145,0.1508714596949891,0.9941249777461278,0.44444444444444337,0.8846153846153879,0.8869047619047619,0.8409090909090925
0.1076563022400535,1.0,0.5714285714285733,0.6702562998061597,0.9137474241978216,0.0,0.0,0.6829268292682927,0.2711864406779661,0.27536231884057966,0.24571428571428572,0.2657952069716776,0.9934721974956977,0.44444444444444337,0.9230769230769225,0.9285714285714263,0.8798701298701329
0.17652958876629887,0.7676912080057184,0.5714285714285733,0.5315528752961447,0.763320576979688,0.4180327868852459,0.7476635514018692,0.7073170731707318,0.4067796610169491,0.40579710144927533,0.20285714285714285,0.39705882352941174,0.9918699186991871,0.333333333333335,0.9447115384615388,0.9494047619047532,0.8863636363636358
0.7352056168505516,0.7412437455325234,0.0,0.170148610811975,0.7268177803944658,0.39344262295081966,0.3738317757009346,0.7317073170731708,0.5,0.47826086956521735,0.22857142857142856,0.7058823529411765,0.9905050145391966,0.0,0.9447115384615388,0.9583333333333249,0.7987012987012948
0.9020394516883985,0.7398141529664048,0.0,0.06267499461555022,0.7200471003826907,0.5450819672131147,0.42990654205607476,0.7560975609756099,0.5254237288135593,0.5,0.22857142857142856,0.21405228758169934,0.9887247047652958,0.22222222222222168,0.9831730769230819,0.9910714285714283,0.8928571428571387
0.8335005015045135,0.7147962830593283,0.0,0.11264268791729479,0.6196644097733295,0.5122950819672131,0.4953271028037383,0.7804878048780489,0.4152542372881356,0.40579710144927533,0.2342857142857143,0.0,0.9875971752418254,0.1111111111111133,0.9807692307692327,0.9910714285714283,0.8831168831168786
1.0,0.7362401715511081,0.5714285714285733,0.0,0.7009125699146306,0.47540983606557374,0.42990654205607476,0.7560975609756099,0.3135593220338983,0.32608695652173914,0.2257142857142857,0.19281045751633988,0.986350958400095,0.333333333333335,0.9543269230769267,0.9583333333333249,0.9025974025973988
0.754931461049816,0.7462473195139386,0.5714285714285733,0.15744130949816926,0.7453635560788932,0.6188524590163934,0.4953271028037383,0.8048780487804879,0.2966101694915254,0.32608695652173914,0.21714285714285714,0.18790849673202614,0.9843926176488043,0.44444444444444337,0.9230769230769225,0.9255952380952323,0.896103896103896
0.4607154797726513,0.8581129378127235,0.5714285714285733,0.40318759422786987,1.0,0.7418032786885246,0.5981308411214954,1.0,0.19491525423728812,0.36231884057971014,0.17714285714285713,0.184640522875817,0.9827309951931636,0.5555555555555567,0.8653846153846206,0.8660714285714243,0.8506493506493525
0.1076563022400535,0.8280914939242318,0.5714285714285733,0.5860435063536507,0.8098322048866647,0.680327868852459,0.5981308411214954,0.7804878048780489,0.211864406779661,0.2101449275362319,0.04857142857142857,0.27342047930283225,0.9801198741914428,0.5555555555555567,0.8894230769230775,0.8898809523809453,0.8798701298701329
0.1076563022400535,0.11150822015725519,1.0,0.8520353219900925,0.7221077421254049,0.6352459016393442,0.5981308411214954,0.7073170731707318,0.4067796610169491,0.40579710144927533,0.022857142857142857,0.4820261437908497,0.978161533440152,0.5555555555555567,0.911057692307694,0.9107142857142829,0.9090909090909017
0.3724506853895018,0.24124374553252326,1.0,0.9519707085935817,0.46393876950250224,0.7295081967213115,0.7476635514018692,0.7073170731707318,0.5169491525423728,0.5362318840579711,0.045714285714285714,0.633442265795207,0.9779241588036319,0.6666666666666651,0.9615384615384654,0.9583333333333249,0.9740259740259769
0.4704112337011033,0.24231593995711231,0.5714285714285733,0.9991384880465216,0.40653517809832207,0.9385245901639344,0.5981308411214954,0.6829268292682927,0.6186440677966102,0.6304347826086956,0.0,0.5310457516339869,0.0,0.5555555555555567,1.0,1.0,1.0
0.7452357071213641,0.3087919942816298,0.5714285714285733,1.0,0.09243450103032089,0.9590163934426229,0.7476635514018692,0.39024390243902446,1.0,1.0,1.0,0.7189542483660131,0.0,0.333333333333335,0.9879807692307715,0.9910714285714283,0.9448051948051965
0.7352056168505516,0.45353824160114375,0.5714285714285733,0.6284729700624595,0.0,1.0,0.7476635514018692,0.0,0.6864406779661016,0.7101449275362319,0.9085714285714286,0.2696078431372549,0.0,0.333333333333335,0.9927884615384612,0.9970238095238059,0.9383116883116821
