0.5749194414607949,0.826826826826827,1.0,0.16624811652435956,0.5977719143946058,0.5317460317460319,0.0,0.21052631578947367,0.23170731707317072,0.1648351648351648,0.03003003003003003,0.9976816074188563,0.944444444444443,1.0,1.0,1.0,1.0
0.5985499462943071,0.907907907907908,0.9589041095890407,0.07282772476142638,0.6836704778657285,0.4841269841269842,0.0,0.2631578947368421,0.1463414634146341,0.12087912087912087,0.0,0.9976816074188563,0.8055555555555505,0.9726027397260274,0.989230769230767,0.9892008639308876,0.9839429081177514
0.6613856068743287,0.9359359359359359,0.8630136986301369,0.0,0.683963647024333,0.5793650793650792,0.0,0.2631578947368421,0.0,0.0,0.03303303303303303,0.9976816074188563,0.7499999999999934,0.8904109589041095,0.9446153846153827,0.9524838012958994,0.9152542372881365
0.5432330827067668,1.0,0.8219178082191776,0.04645906579608232,0.8434476693051891,0.9920634920634919,0.0,0.21052631578947367,0.09756097560975609,0.08791208791208793,0.978978978978979,0.9976816074188563,0.5972222222222248,0.767123287671233,0.909230769230768,0.9265658747300235,0.8340767172167706
0.29914070891514494,0.8558558558558558,0.7260273972602738,0.32898041185334,0.8343594253884492,0.492063492063492,0.0,0.21052631578947367,0.12195121951219513,0.08791208791208793,0.918918918918919,0.9891808346213292,0.5138888888888893,0.6712328767123291,0.8261538461538475,0.846652267818578,0.7413024085637828
0.0,0.7077077077077079,0.684931506849315,0.5909090909090908,1.0,0.634920634920635,0.0,0.15789473684210523,0.1463414634146341,0.2087912087912088,0.8858858858858859,0.8670788253477589,0.48611111111111077,0.6164383561643838,0.793846153846154,0.8164146868250588,0.6966993755575377
0.1968313641245972,0.47147147147147167,0.6438356164383559,0.6675037669512807,0.7399589563177953,1.0,0.0,0.0,0.2195121951219512,0.2087912087912088,0.7657657657657657,0.2542503863987635,0.4166666666666513,0.4794520547945207,0.6876923076923096,0.714902807775381,0.5735950044603014
0.1337271750805585,0.1441441441441442,0.5068493150684927,0.9035660472124559,0.8402228085605393,0.6507936507936508,0.0,0.0,0.4634146341463414,0.4175824175824175,0.6786786786786787,0.0,0.3194444444444397,0.5068493150684933,0.6646153846153857,0.6846652267818616,0.5780553077609282
0.14957035445757244,0.0,0.5890410958904105,1.0,0.8871298739372617,0.5396825396825397,0.0,0.0,0.6341463414634145,0.6923076923076922,0.6516516516516516,0.9984544049459042,0.12499999999999013,0.5342465753424659,0.6692307692307705,0.6868250539956795,0.5950044603032996
0.1023093447905478,0.08508508508508508,0.5068493150684927,0.9269211451531892,0.8921137496335385,0.7619047619047621,0.0,0.15789473684210523,0.6829268292682925,0.6923076923076922,0.6546546546546547,1.0,0.0,0.4931506849315067,0.6553846153846162,0.6760259179265672,0.5709188224799266
0.03141783029001074,0.5495495495495496,0.5068493150684927,0.6519337016574585,0.9290530636177073,0.738095238095238,0.0,0.47368421052631576,0.646341463414634,0.6373626373626372,0.7177177177177178,1.0,0.02777777777777851,0.5205479452054793,0.6676923076923071,0.6868250539956795,0.5860838537020525
0.11009667024704617,0.5735735735735736,0.46575342465753405,0.6147664490205926,0.8531222515391381,0.8095238095238093,0.0,0.5789473684210527,0.7560975609756097,0.7802197802197801,0.7837837837837838,0.865533230293663,0.041666666666654605,0.43835616438356145,0.6353846153846137,0.6609071274298036,0.5307760927743083
0.2677228786251343,0.38038038038038036,0.46575342465753405,0.7410848819688598,0.6552330694810905,0.5873015873015873,0.0,0.3157894736842105,0.8902439024390243,0.9010989010989009,0.8828828828828829,0.9590417310664606,0.09722222222221162,0.45205479452054803,0.6430769230769253,0.6673866090712727,0.5432649420160561
0.3386143931256713,0.3693693693693694,0.36986301369862956,0.7518834756403816,0.5781295807681032,0.4126984126984125,0.0,0.2631578947368421,0.9024390243902437,0.9560439560439559,0.9159159159159159,0.9853168469860897,0.2916666666666612,0.35616438356164354,0.5215384615384632,0.54427645788337,0.4290811775200702
0.8976906552094521,0.5075075075075076,0.23287671232876703,0.4937217478653942,0.0,0.4444444444444443,0.0,0.2631578947368421,0.7317073170731706,0.7802197802197801,0.9819819819819819,0.9845440494590417,0.3749999999999967,0.21917808219178103,0.32000000000000195,0.33477321814254524,0.26494201605708956
1.0,0.6406406406406406,0.0,0.20617780010045197,0.0014658457930224907,0.12698412698412692,0.0,0.3684210526315789,0.6951219512195121,0.7032967032967031,0.9279279279279279,0.990726429675425,0.3888888888888728,0.0,0.0,0.0,0.0
0.7322771213748658,0.7247247247247247,0.23287671232876703,0.19412355600200895,0.34769862210495456,0.0,0.0,0.5263157894736842,0.7317073170731706,0.7912087912087911,0.9519519519519519,0.9806800618238022,0.45833333333333226,0.26027397260273966,0.24461538461538762,0.24406047516198742,0.25423728813559365
0.645810955961332,0.6586586586586587,0.36986301369862956,0.32822702159718725,0.3629434183523893,0.20634920634920637,0.0,0.631578947368421,0.8292682926829267,0.7802197802197801,0.954954954954955,0.9435857805255023,0.3888888888888728,0.3835616438356162,0.30153846153846287,0.2937365010799136,0.3416592328278319
0.7481203007518796,0.5285285285285286,0.46575342465753405,0.48995479658463076,0.1694517736734096,0.19047619047619047,0.0,0.7894736842105263,0.7439024390243901,0.7252747252747253,0.9519519519519519,0.9706336939721792,0.3333333333333421,0.46575342465753405,0.350769230769232,0.3390928725701963,0.407671721677072
0.47234156820622974,0.6446446446446447,0.5068493150684927,0.4201406328478151,0.5206684256816182,0.4444444444444443,0.0,0.9473684210526316,0.8170731707317073,0.846153846153846,0.8918918918918919,0.9513137557959814,0.3749999999999967,0.4794520547945207,0.4015384615384645,0.39308855291576594,0.44246208742194404
0.11788399570354453,0.6016016016016018,0.5068493150684927,0.59442491210447,0.8528290823805335,0.23809523809523814,0.0,1.0,1.0,1.0,0.8648648648648649,0.8817619783616693,0.40277777777777524,0.5068493150684933,0.4246153846153884,0.41468682505399834,0.46922390722569174
0.1573576799140709,0.46146146146146166,0.5068493150684927,0.6813159216474133,0.7810026385224275,0.29365079365079355,0.0,0.6842105263157894,0.9390243902439024,0.9230769230769228,0.93993993993994,0.9312210200927357,0.5138888888888893,0.5068493150684933,0.45846153846153975,0.4535637149028045,0.48528099910794037
0.7717508055853921,0.7917917917917919,0.1917808219178078,0.08136614766449017,0.396364702433304,0.4682539682539683,0.0,0.3684210526315789,0.8048780487804876,0.7912087912087911,0.996996996996997,0.7774343122102009,0.7222222222222149,0.1917808219178084,0.31230769230769584,0.3282937365010763,0.24888492417484412
0.52765843179377,0.9679679679679681,0.4109589041095888,0.08061275740833745,0.8082673702726474,0.11111111111111104,0.0,0.21052631578947367,0.8780487804878048,0.8901098901098902,1.0,0.999227202472952,1.0,0.42465753424657543,0.47846153846153683,0.48812095032397484,0.4460303300624448
