0.32497945768282666,0.818627450980392,0.5454545454545456,0.36523297491039425,0.8093274111675127,0.20689655172413793,0.06349206349206352,0.5714285714285715,0.6851851851851852,0.6428571428571428,0.43977591036414565,0.9864864864864865,0.3846153846153398,0.5641025641025642,1.0,1.0,0.725609756097561
0.0,1.0,0.6060606060606063,0.5842293906810035,1.0,0.27586206896551724,0.09523809523809522,0.6071428571428571,0.7037037037037037,0.6785714285714286,0.484593837535014,1.0,0.7307692307692476,0.5769230769230773,0.8199999999999957,0.8018018018018168,0.6996951219512202
0.0,0.8872549019607845,0.6060606060606063,0.6010752688172043,0.9549492385786803,0.5517241379310345,0.15873015873015878,0.5357142857142857,0.4074074074074075,0.4107142857142857,0.5042016806722689,0.9054054054054054,0.7692307692307524,0.5384615384615385,0.7599999999999943,0.7567567567567489,0.6493902439024432
0.0,0.8063725490196076,0.8030303030303032,0.6182795698924731,0.9235406091370558,0.6551724137931035,0.15873015873015878,0.5714285714285715,0.2962962962962963,0.23214285714285712,0.6498599439775911,0.8648648648648649,0.8076923076923301,0.7435897435897438,0.6599999999999919,0.5495495495495458,0.8277439024390247
0.08422350041084631,0.8970588235294117,0.6060606060606063,0.5311827956989248,0.9336928934010152,0.4482758620689656,0.19047619047619047,0.3928571428571429,0.12962962962962962,0.08928571428571429,0.8095238095238095,0.8513513513513513,0.5384615384615048,0.5512820512820517,0.35333333333333383,0.30630630630632677,0.59146341463415
0.3734593262119968,0.7892156862745099,0.3484848484848482,0.3422939068100358,0.7699873096446702,0.5517241379310345,1.0,0.17857142857142863,0.01851851851851854,0.0,0.056022408963585436,0.5135135135135135,0.42307692307691747,0.3589743589743588,0.23333333333333098,0.2792792792792989,0.38262195121951476
0.6503697617091209,0.6507352941176471,0.19696969696969682,0.23942652329749103,0.5342639593908629,0.517241379310345,1.0,0.10714285714285716,0.14814814814814817,0.05357142857142858,0.06722689075630252,0.6756756756756757,0.5,0.2820512820512821,0.040000000000000945,0.10810810810811157,0.2743902439024391
0.5542317173377157,0.4142156862745096,0.3484848484848482,0.517921146953405,0.4327411167512691,0.0,0.15873015873015878,0.10714285714285716,0.0925925925925926,0.017857142857142873,0.7619047619047619,0.12162162162162163,0.3846153846153398,0.2692307692307693,0.08666666666667662,0.16216216216216736,0.2743902439024391
0.7107641741988497,0.28431372549019596,0.15151515151515133,0.613978494623656,0.2645939086294416,0.0,0.126984126984127,0.10714285714285716,0.44444444444444453,0.3928571428571429,0.7450980392156863,0.7702702702702703,0.4615384615384223,0.24358974358974358,0.36666666666668324,0.4774774774774821,0.2972560975609766
0.7469186524239936,0.06004901960784321,0.0,0.914336917562724,0.19479695431472083,0.03448275862068969,0.23809523809523814,0.0,0.1851851851851852,0.17857142857142858,1.0,0.7567567567567568,0.34615384615383493,0.038461538461538505,0.18666666666667897,0.3783783783783905,0.07164634146341567
1.0,0.08700980392156857,0.0,0.8702508960573477,0.0,0.0,0.19047619047619047,0.0,0.42592592592592593,0.3392857142857143,0.03081232492997199,0.6891891891891891,0.34615384615383493,0.0,0.0,0.19819819819821521,0.0
0.87962202136401,0.12990196078431365,0.15151515151515133,0.8064516129032259,0.09676395939086296,0.20689655172413793,0.15873015873015878,0.17857142857142863,0.42592592592592593,0.37500000000000006,0.988795518207283,0.6756756756756757,0.7307692307692476,0.1410256410256412,0.08000000000000189,0.20720720720720318,0.14939024390243774
0.819227608874281,0.090686274509804,0.24242424242424232,0.8691756272401434,0.13959390862944168,0.0,0.0,0.2857142857142857,0.3703703703703704,0.3214285714285714,0.9551820728291317,0.32432432432432434,0.8076923076923301,0.2820512820512821,0.06000000000000142,0.11711711711713153,0.2850609756097584
0.7588331963845523,0.0,0.393939393939394,1.0,0.1890862944162437,0.17241379310344826,0.19047619047619047,0.2142857142857143,0.6851851851851852,0.625,0.9859943977591037,0.5540540540540541,0.9230769230769175,0.38461538461538447,0.06000000000000142,0.07207207207209572,0.3734756097560998
0.6746096959737059,0.15563725490196065,0.393939393939394,0.7896057347670252,0.25761421319796957,0.27586206896551724,0.03174603174603174,0.5357142857142857,0.7222222222222222,0.6785714285714286,0.022408963585434174,0.7702702702702703,1.0,0.3974358974358976,0.26000000000000617,0.28828828828828684,0.42530487804878114
0.7469186524239936,0.19852941176470576,0.6060606060606063,0.7215053763440861,0.21097715736040618,0.4482758620689656,0.04761904761904763,0.46428571428571425,0.9814814814814815,0.9285714285714287,0.025210084033613446,0.36486486486486486,0.8846153846154127,0.5897435897435899,0.15333333333335275,0.07207207207209572,0.5868902439024425
0.87962202136401,0.34436274509803916,0.6515151515151515,0.4792114695340502,0.17036802030456857,1.0,0.126984126984127,0.32142857142857145,1.0,1.0,0.0,0.5,0.7692307692307524,0.602564102564103,0.5666666666666643,0.5135135135135299,0.6798780487804913
0.9157764995891537,0.46568627450980393,0.8030303030303032,0.2949820788530466,0.2255710659898477,0.6551724137931035,0.15873015873015878,0.3928571428571429,0.6296296296296295,0.6428571428571428,0.08403361344537816,0.8108108108108109,0.6153846153845873,0.7564102564102564,0.6266666666666657,0.50450450450451,0.8323170731707322
0.9157764995891537,0.5257352941176472,0.9545454545454548,0.21541218637992826,0.27569796954314724,0.517241379310345,0.15873015873015878,0.35714285714285715,0.3703703703703704,0.35714285714285715,0.20728291316526612,0.0,0.34615384615383493,0.9358974358974361,0.61333333333334,0.3963963963963984,0.9954268292682925
0.8434675431388663,0.7757352941176469,0.9545454545454548,0.0,0.5694796954314721,0.27586206896551724,0.19047619047619047,0.3928571428571429,0.3703703703703704,0.26785714285714285,0.3333333333333333,0.9459459459459459,0.11538461538458736,0.9487179487179492,0.5533333333333386,0.3333333333333547,0.9939024390243936
0.7350041084634348,0.7450980392156861,0.9545454545454548,0.10322580645161288,0.58248730964467,0.20689655172413793,0.19047619047619047,0.46428571428571425,0.3518518518518519,0.3035714285714286,0.453781512605042,0.8648648648648649,0.038461538461504824,0.9871794871794874,0.2666666666666809,0.0,0.9771341463414679
0.49383730484798694,0.6642156862745097,0.8484848484848483,0.33189964157706087,0.6243654822335025,0.3448275862068966,0.19047619047619047,0.7857142857142857,0.462962962962963,0.4107142857142857,0.5266106442577031,0.9324324324324325,0.0,1.0,0.3000000000000071,0.01801801801803993,1.0
0.20460147904683645,0.6335784313725489,1.0,0.5372759856630824,0.7563451776649748,0.13793103448275865,0.19047619047619047,1.0,0.3148148148148148,0.25,0.5490196078431373,0.8513513513513513,0.2692307692307524,0.9358974358974361,0.4866666666666624,0.261261261261259,0.9710365853658561
0.011914543960558717,0.3835784313725488,0.909090909090909,0.7584229390681004,0.7940989847715737,0.06896551724137928,0.23809523809523814,0.5,0.0,0.017857142857142873,0.5546218487394958,0.9054054054054054,0.5384615384615048,0.8333333333333335,0.6666666666666666,0.5135135135135299,0.9100609756097597
