1.0,0.9378219278881529,0.6388888888888891,0.0,0.09557383470426946,0.7754237288135594,1.0,1.0,0.24615384615384614,0.2222222222222222,0.846820809248555,0.9957002457002457,0.0,0.5569620253164556,0.0,0.0,0.03999999999999908
0.8810635275015223,0.972774098601913,0.5416666666666671,0.08125978771532964,0.436349392871132,0.7076271186440678,1.0,0.8750000000000001,0.1846153846153846,0.15277777777777776,0.884393063583815,0.9981572481572482,0.1385542168674689,0.48101265822784794,0.01496259351621005,0.022831050228311365,0.0
0.7322914552466004,0.9845474613686532,0.40277777777777796,0.20741256307638758,0.5346650998824912,0.6864406779661018,1.0,0.775,0.3076923076923077,0.3749999999999999,0.8757225433526011,0.9975429975429976,0.21084337349397742,0.3924050632911393,0.17581047381545922,0.1872146118721424,0.05405405405405115
0.45240511467424394,1.0,0.36111111111111094,0.4484078649730294,0.6055620838229534,0.6822033898305085,1.0,0.625,0.3846153846153847,0.4305555555555555,0.9595375722543352,0.995085995085995,0.2771084337349378,0.34177215189873417,0.34039900249376537,0.35312024353120136,0.13405405405405316
0.27379744266287803,0.919793966151582,0.2638888888888889,0.6130154863406995,0.3568350959655307,0.7457627118644068,1.0,0.55,0.5846153846153846,0.5555555555555554,1.0,0.9981572481572482,0.31325301204819206,0.25316455696202494,0.5486284289276827,0.5662100456621003,0.2172972972972947
0.14877207225492184,0.7682119205298013,0.18055555555555547,0.7840612493474856,0.23384253819036427,0.7076271186440678,1.0,0.4,0.876923076923077,0.8472222222222221,0.0,0.9969287469287469,0.34939759036144635,0.17721518987341786,0.7780548628428916,0.7960426179604256,0.330810810810809
0.1309113050537853,0.586092715231788,0.12499999999999985,0.9110840438489647,0.2334508421464943,0.826271186440678,1.0,0.225,1.0,1.0,0.02601156069364162,0.9969287469287469,0.46987951807229383,0.1645569620253163,0.881546134663343,0.8980213089802128,0.3967567567567551
0.20844327176781,0.5820456217807211,0.12499999999999985,0.9356185836088393,0.09439874657265962,0.902542372881356,1.0,0.12499999999999997,0.923076923076923,0.8888888888888888,0.03468208092485549,0.9957002457002457,0.5120481927710847,0.11392405063291121,0.9014962593516201,0.9223744292237414,0.37945945945945964
0.07144306880454639,0.5213392200147167,0.08333333333333344,0.9197842352531755,0.37132784958871917,0.8220338983050848,1.0,0.05000000000000002,0.8615384615384616,0.9583333333333333,0.04046242774566474,1.0,0.5421686746987909,0.11392405063291121,0.9164588528678301,0.9375951293759507,0.3837837837837854
0.11305053785264867,0.7178072111846946,0.08333333333333344,0.82756220636854,0.2643948296122209,0.8389830508474576,1.0,0.024999999999999994,0.6923076923076924,0.7083333333333331,0.03757225433526012,0.9969287469287469,0.6144578313252994,0.08860759493670865,0.9127182044887776,0.9360730593607282,0.3708108108108119
0.17860767201136596,0.8031640912435614,0.04166666666666641,0.746128414825126,0.22483352918135527,1.0,1.0,0.024999999999999994,0.6923076923076924,0.6249999999999999,0.046242774566473986,0.9987714987714987,0.6987951807228927,0.07594936708860765,0.8902743142144626,0.9147640791476394,0.3405405405405391
0.3750761112238684,0.8874172185430462,0.0,0.5507221158865495,0.18448883666274973,0.8050847457627118,1.0,0.024999999999999994,0.6153846153846154,0.611111111111111,0.049132947976878616,0.6253071253071253,0.765060240963853,0.03797468354430355,0.8615960099750615,0.8904109589041055,0.29189189189189235
0.6488735538867464,0.8962472406181015,0.0,0.329911258047677,0.0,0.7372881355932204,1.0,0.05000000000000002,0.6153846153846154,0.5694444444444443,0.08670520231213873,0.0,0.8253012048192768,0.0,0.8204488778054883,0.8538812785388127,0.23891891891891975
0.6429876192409173,0.9415011037527593,0.04166666666666641,0.29615451539933874,0.2718370544457501,0.7923728813559323,1.0,0.024999999999999994,0.5230769230769231,0.486111111111111,0.06358381502890173,0.42321867321867324,0.8855421686747006,0.03797468354430355,0.866583541147133,0.8949771689497678,0.29729729729729665
0.4761518165212096,0.9415011037527593,0.08333333333333344,0.4360535931790499,0.33725029377203286,0.0,0.0,0.0,0.4,0.4305555555555555,0.06936416184971098,0.9035626535626535,0.951807228915661,0.11392405063291121,0.9027431421446391,0.9238964992389639,0.3740540540540553
0.5417089506799269,0.9495952906548931,0.18055555555555547,0.37776231077083694,0.35174304739522133,0.6016949152542372,1.0,0.0,0.3692307692307692,0.3194444444444444,0.05202312138728324,0.9828009828009828,0.9879518072289153,0.18987341772151886,0.9376558603491263,0.9512937595129376,0.4518918918918925
0.3631012786685609,0.919793966151582,0.2638888888888889,0.5401078823734122,0.3043478260869565,0.6016949152542372,1.0,0.024999999999999994,0.1846153846153846,0.15277777777777776,0.07225433526011561,1.0,1.0,0.25316455696202494,0.9576059850374078,0.9634703196347019,0.5113513513513518
0.1964684392125025,0.8704930095658572,0.5,0.6953192970245344,0.3070896983940462,0.6737288135593221,1.0,0.05000000000000002,0.09230769230769227,0.11111111111111106,0.06647398843930635,0.9969287469287469,0.9819277108433786,0.544303797468354,0.9027431421446391,0.8812785388127808,0.673513513513513
0.07144306880454639,0.6920529801324503,0.7777777777777781,0.8493126848790673,0.33529181355268306,0.6694915254237289,1.0,0.1,0.015384615384615332,0.09722222222222217,0.13872832369942195,0.9987714987714987,0.9578313253012091,0.759493670886076,0.8990024937655866,0.8554033485540298,0.8237837837837829
0.0,0.6946284032376747,0.5833333333333335,0.8599269183922046,0.47081864473168816,0.7203389830508474,1.0,0.12499999999999997,0.015384615384615332,0.04166666666666664,0.22832369942196531,1.0,0.9457831325301244,0.6835443037974683,0.9002493765586056,0.8645357686453543,0.7762162162162186
0.07144306880454639,0.13833701250919794,1.0,0.9248303462676178,0.6972189580885233,0.6567796610169492,1.0,0.12499999999999997,0.0,0.0,0.27167630057803466,0.9981572481572482,0.9698795180722938,1.0,0.9114713216957587,0.8432267884322655,1.0
0.25005074081591233,0.11368653421633554,0.6805555555555555,1.0,1.0,0.6483050847457628,1.0,0.15,0.13846153846153847,0.23611111111111105,0.2745664739884393,0.9969287469287469,0.9759036144578305,0.759493670886076,0.9675810473815464,0.9223744292237414,0.873513513513516
0.19058250456667344,0.12288447387785138,0.5833333333333335,0.9789455368018096,0.8930669800235017,0.5550847457627119,1.0,0.12499999999999997,0.3076923076923077,0.30555555555555547,0.23121387283236994,1.0,0.9638554216867458,0.6329113924050632,0.9763092269326704,0.9436834094368302,0.791351351351353
0.059468236249238894,0.0,0.31944444444444453,0.8691491212806681,0.7222875048962005,0.6440677966101696,1.0,0.07499999999999998,0.4,0.4027777777777777,0.30346820809248554,0.9993857493857494,0.9698795180722938,0.30379746835443006,1.0,1.0,0.577297297297298
