0.6966564012318522,0.777496839443742,0.10101010101010108,0.2863939105613701,0.3534532791642484,0.0,0.0,0.782608695652174,1.0,1.0,0.011142061281337047,0.8850931677018633,0.0,0.12371134020618565,0.0,0.0,0.07737397420867806
0.961284645842499,0.7838179519595448,0.030303030303030547,0.0356803044719315,0.18340104468949506,0.394904458598726,1.0,0.6956521739130433,0.8636363636363638,0.8556701030927837,0.033426183844011144,0.9099378881987578,0.9872761545711594,0.07216494845360853,0.014925373134320049,0.04629629629628686,0.02930832356389459
1.0,0.7762326169405814,0.0,0.01926736441484306,0.12159024956471275,0.624203821656051,1.0,0.8695652173913044,0.8636363636363638,0.8144329896907218,0.0,0.984472049689441,0.9886310084825637,0.0103092783505157,0.21641791044776001,0.29629629629629506,0.0
0.9032116146062472,0.8086809945217024,0.030303030303030547,0.03710751665080881,0.3343006384213581,0.40764331210191074,1.0,1.0,0.9431818181818181,0.9484536082474226,0.9721448467966574,1.0,0.9894557021677663,0.02061855670103094,0.17910447761194662,0.2500000000000082,0.0035169988276671843
0.9870215574131105,0.7867678044669194,0.030303030303030547,0.0052331113225499255,0.17846778874056873,0.43949044585987257,1.0,0.782608695652174,0.9772727272727274,0.9690721649484537,0.9916434540389972,0.8664596273291926,0.9899269557021678,0.04123711340206188,0.32835820895522666,0.3888888888888688,0.03399765533411473
0.9740431148262209,0.7939317319848292,0.030303030303030547,0.0,0.2217063261752757,0.5796178343949043,1.0,0.5652173913043478,0.8522727272727275,0.845360824742268,1.0,0.7453416149068323,0.9903393025447692,0.030927835051546643,0.5223880597014934,0.5833333333333196,0.055099648300117834
0.8064232292124945,0.7998314369995786,0.0,0.1458135109419601,0.3566453859547301,0.4012738853503184,1.0,0.39130434782608675,0.7386363636363638,0.7010309278350517,0.9805013927576601,0.7795031055900621,0.991222902921772,0.0103092783505157,0.6940298507462667,0.7685185185185,0.0574443141852279
0.61922569291685,0.7745469869363675,0.0,0.3603710751665081,0.4024956471271039,0.40764331210191074,1.0,0.4782608695652173,0.9318181818181819,0.9484536082474226,0.9721448467966574,0.8726708074534162,0.9911639962299718,0.0,0.70149253731344,0.787037037037041,0.050410316529893535
0.31610206775186983,0.7956173619890434,0.0,0.6127497621313036,0.663087637840975,0.4012738853503184,1.0,0.3478260869565217,0.9204545454545455,1.0,0.9665738161559888,0.9347826086956522,0.9917530631479736,0.0103092783505157,0.8059701492537333,0.8796296296296147,0.07151230949589664
0.06445226572811263,0.798567214496418,0.030303030303030547,0.8477640342530923,0.8305281485780616,0.394904458598726,1.0,0.2173913043478261,0.7954545454545455,0.7628865979381444,0.9526462395543176,0.9720496894409938,0.9927544769085768,0.05154639175257758,0.8582089552238668,0.8981481481481558,0.12075029308323722
0.07743070831500222,0.6337968815844921,0.07070707070707098,0.8848715509039011,0.7695879280325014,0.37579617834394907,1.0,0.08695652173913032,0.590909090909091,0.6391752577319588,0.9331476323119777,0.9813664596273292,0.9938147973609802,0.07216494845360853,0.93283582089552,0.9629629629629508,0.14302461899179328
0.07743070831500222,0.31394858828487143,0.10101010101010108,1.0,0.8107951247823564,0.5796178343949043,1.0,0.1304347826086956,0.7272727272727274,0.6804123711340206,0.9777158774373259,0.6583850931677019,0.9946983977379831,0.1030927835051547,1.0,1.0,0.18757327080890956
0.3548174219093709,0.5111672987779182,0.0,0.972882968601332,0.3995937318630296,0.5605095541401275,1.0,0.17391304347826064,0.6931818181818183,0.7216494845360826,0.9944289693593314,0.7732919254658385,0.9954641847313855,0.02061855670103094,0.8731343283582134,0.9444444444444426,0.08558030480656538
0.580510338759349,0.6472819216182049,0.0,0.6515223596574691,0.16976204294834596,0.3439490445859873,0.5000000000000001,0.17391304347826064,0.8636363636363638,0.88659793814433,0.022284122562674095,0.7515527950310559,0.9963477851083884,0.0103092783505157,0.6716417910447734,0.7407407407407213,0.05275498241500776
0.8708754949406071,0.7155499367888749,0.13131313131313163,0.2940057088487155,0.0,0.6751592356687897,1.0,0.08695652173913032,0.8750000000000001,0.9175257731958764,0.011142061281337047,0.6770186335403726,0.9971135721017909,0.1443298969072166,0.4925373134328267,0.47222222222220483,0.15943728018757208
0.7613286405631325,0.7656974294142435,0.1616161616161617,0.25285442435775457,0.26494486360998254,0.643312101910828,1.0,0.0,0.6136363636363638,0.7010309278350517,0.9832869080779945,0.8478260869565217,0.9982327992459944,0.16494845360824753,0.6641791044776001,0.6296296296296394,0.19695193434935399
0.5611526616805984,0.8563000421407501,0.13131313131313163,0.32278782112274024,0.6764364480557167,0.6560509554140127,0.20370370370370383,0.0,0.3522727272727273,0.3608247422680413,0.09192200557103064,0.8260869565217391,0.998409519321395,0.16494845360824753,0.79850746268656,0.7592592592592623,0.21336459554513695
0.61922569291685,0.873999157184998,0.2626262626262628,0.25047573739295914,0.7156123041207196,0.6815286624203821,1.0,0.0,0.23863636363636362,0.22680412371134023,0.04178272980501393,0.9782608695652174,0.9984684260131952,0.31958762886597936,0.8955223880597066,0.7314814814814836,0.36928487690504186
0.5354157501099869,0.8933839022334598,0.36363636363636387,0.33206470028544244,0.7945443993035403,0.8471337579617834,1.0,0.08695652173913032,0.2727272727272728,0.2577319587628866,0.11142061281337047,0.9409937888198758,0.9979971724787936,0.4123711340206188,0.8208955223880534,0.5925925925925901,0.44783118405627287
0.3224813022437308,0.9882005899705014,0.46464646464646453,0.5715984776403426,1.0,0.5732484076433122,1.0,0.2173913043478261,0.17045454545454544,0.18556701030927836,0.16991643454038996,0.9782608695652174,0.9981738925541943,0.5670103092783507,0.7238805970149332,0.37962962962963115,0.5756154747948403
0.10954685437747473,1.0,0.5353535353535355,0.7949571836346337,0.9318049912942542,1.0,0.5000000000000001,0.39130434782608675,0.13636363636363638,0.15463917525773196,0.22841225626740946,0.8788819875776398,0.9984684260131952,0.5876288659793816,0.7537313432835734,0.37962962962963115,0.6037514654161777
0.006379234491860978,0.3168984407922461,0.7979797979797978,0.9376784015223597,0.865351131746953,0.7643312101910827,1.0,0.782608695652174,0.022727272727272724,0.0,0.14484679665738162,0.0,0.9989396795475967,0.9381443298969072,0.7238805970149332,0.07407407407406555,0.9167643610785446
0.04509458864936209,0.5052675937631689,0.8282828282828284,0.9305423406279734,0.8047011027278004,0.5286624203821655,1.0,0.39130434782608675,0.11363636363636365,0.1237113402061856,0.7325905292479109,0.024844720496894408,0.9996465598491989,0.8556701030927834,0.8208955223880534,0.2407407407407377,0.8569753810082067
0.0,0.0,1.0,0.9317316841103711,0.8911781775972142,0.45859872611464964,1.0,0.043478260869565064,0.0,0.010309278350515474,0.8551532033426184,0.9720496894409938,1.0,1.0,0.8955223880597066,0.19444444444445083,1.0
