0.22058588122298706,0.9641993226898888,0.3216374269005847,0.48610145934676857,0.9708222811671088,0.7368421052631582,0.37209302325581395,0.27272727272727265,0.09090909090909093,0.20512820512820518,0.4956772334293948,0.9986273164035689,0.0,0.2307692307692309,0.8922942206654992,0.9155794320798162,0.7406296851574213
0.08916279814310869,0.79100145137881,0.058479532163742486,0.5970581422283993,0.8188707843880257,0.47368421052631576,0.0,0.0,0.15151515151515152,0.07692307692307694,0.5590778097982709,0.9993136582017845,0.05645161290323517,0.10897435897435889,0.9500875656742559,0.9838833461243293,0.7488755622188901
0.018728989915159276,0.6071601354620222,0.2280701754385963,0.6827658095899931,0.7997347480106101,0.5789473684210528,0.37209302325581395,0.4545454545454547,0.5757575757575758,0.5641025641025642,0.6714697406340058,0.9993136582017845,0.13709677419356023,0.0320512820512825,0.9611792177466436,1.0,0.7361319340329834
0.14086761645589885,0.4658925979680697,0.26900584795321636,0.7351169793838314,0.6462675255778704,0.0,0.0,0.5454545454545453,0.21212121212121213,0.3076923076923077,0.8155619596541787,1.0,0.24193548387097513,0.17307692307692332,0.8864565090484533,0.9136607828089033,0.7191404297851071
0.5023211141347846,0.4523463957426221,0.15204678362573087,0.7858466527681259,0.22584312239484655,0.21052631578947392,1.0,0.818181818181818,0.5151515151515151,0.4615384615384616,0.7809798270893372,0.9993136582017845,0.28225806451613,0.23717948717948717,0.8920023350846465,0.9148119723714513,0.7423788105947022
0.6572754922362735,0.4049346879535559,0.4736842105263156,0.8949501968959925,0.0826070481242895,0.05263157894736848,0.37209302325581395,0.6363636363636359,0.393939393939394,0.3076923076923077,0.9221902017291066,1.0,0.33064516129032506,0.6089743589743589,0.12872154115586756,0.1005372217958546,0.23813093453273335
0.5821994557387546,0.44702467343976776,0.36257309941520477,0.8040305767894371,0.13508904888215223,0.10526315789473696,0.37209302325581395,1.0,0.6666666666666667,0.5897435897435898,0.9452449567723343,1.0,0.31451612903226006,0.06410256410256443,0.4821949795680094,0.5015349194167305,0.3708145927036484
0.6291019689450936,0.4557329462989841,0.28654970760233933,0.7943015983321751,0.0761652140962485,0.10526315789473696,0.37209302325581395,0.818181818181818,0.9393939393939396,0.8205128205128207,0.8876080691642652,1.0,0.41129032258065007,0.0,0.5064214827787513,0.5310821181887956,0.3718140929535229
0.5586681607171443,0.5031446540880503,0.39766081871345016,0.7052351169793838,0.15005683971201214,0.2631578947368424,0.37209302325581395,0.6363636363636359,0.7575757575757576,0.6923076923076924,0.9337175792507204,0.9993136582017845,0.47580645161291013,0.29487179487179477,0.3861646234676006,0.3871834228702997,0.3588205897051472
0.600928445653914,0.5408805031446541,0.5087719298245614,0.6365531619179986,0.10989010989010983,0.6842105263157897,0.37209302325581395,0.818181818181818,0.6060606060606061,0.5384615384615384,1.0,0.9993136582017845,0.49193548387097513,0.4807692307692306,0.23584354932866403,0.21987720644666187,0.2893553223388307
0.4976788858652153,0.6308659893565554,0.21052631578947337,0.5155200370627752,0.30257673361121634,0.7368421052631582,0.37209302325581395,0.7272727272727273,0.8181818181818182,0.7692307692307694,0.02881844380403458,0.997254632807138,0.6209677419354799,0.5,0.20431990659661484,0.18572524942440466,0.26986506746626715
0.9343684968785018,0.6937590711175616,0.5087719298245614,0.2289784572619875,0.0,1.0,0.37209302325581395,0.5454545454545453,0.6666666666666667,0.6410256410256411,0.01440922190201729,0.8558682223747426,0.7419354838709752,0.3076923076923079,0.1941039112667841,0.18764389869531756,0.2103948025987011
1.0,0.8079342041606193,0.28654970760233933,0.0,0.3615005683971201,0.8421052631578951,0.37209302325581395,0.18181818181818124,0.48484848484848486,0.4615384615384616,0.023054755043227664,0.0,0.81451612903226,0.09615384615384635,0.0,0.0,0.0
0.9013926684808709,0.8742138364779874,0.2280701754385963,0.008107482047718356,0.6796134899583175,0.6842105263157897,0.37209302325581395,0.27272727272727265,0.5757575757575758,0.5897435897435898,0.037463976945244955,0.9512697323266986,0.8709677419354799,0.057692307692308153,0.1719206071220087,0.18035303146584775,0.12543728135932086
0.7417960621098127,0.8485728108369617,0.2280701754385963,0.13527912902478573,0.6307313376278894,0.7894736842105267,1.0,0.4545454545454547,0.09090909090909093,0.1794871794871795,0.020172910662824207,0.9794097460535347,0.9838709677419349,0.3076923076923079,0.340046701692937,0.3388334612432846,0.32608695652173886
0.6385465023211142,0.79100145137881,0.0,0.2506370164466064,0.5003789314134142,0.47368421052631576,0.37209302325581395,0.6363636363636359,0.0,0.0,0.0,0.997254632807138,1.0,0.2692307692307691,0.6509048453006419,0.6634689178818114,0.5602198900549724
0.1549543781014887,1.0,0.30409356725146175,0.5375260597637248,1.0,0.15789473684210545,0.37209302325581395,0.818181818181818,0.4242424242424243,0.4102564102564103,0.14121037463976946,0.9986273164035689,0.9274193548387151,0.6858974358974359,0.7953882078225335,0.7839600920951653,0.7946026986506741
0.0,0.7552007740686988,0.5847953216374269,0.6583275422747278,0.8580901856763925,0.5263157894736843,1.0,0.4545454545454547,0.7878787878787878,0.7948717948717949,0.23919308357348704,0.9993136582017845,0.8225806451612849,0.878205128205128,0.9287799182720374,0.9075211051419801,0.9585207396301848
0.07987834160396991,0.5902273826802128,0.040935672514619534,0.6731526523048413,0.7283061765820386,0.21052631578947392,0.37209302325581395,0.27272727272727265,0.9696969696969698,1.0,0.3573487031700288,0.9993136582017845,0.7983870967741951,0.7499999999999997,1.0,0.990790483499616,0.9777611194402793
0.10805186489514967,0.0,1.0,0.8612462358119064,0.9820007578628268,0.6842105263157897,1.0,0.4545454545454547,1.0,0.9230769230769231,0.42363112391930835,0.9986273164035689,0.7983870967741951,0.878205128205128,0.9804436660828955,0.960859554873369,1.0
0.39442932607651676,0.2414126753749395,0.8654970760233915,1.0,0.5757862826828344,0.7894736842105267,0.37209302325581395,0.7272727272727273,0.6969696969696969,0.6923076923076924,0.31412103746397696,0.9938229238160604,0.71774193548387,1.0,0.8540572095738471,0.8215656178050652,0.9340329835082452
0.31919321274211626,0.38751814223512343,0.33918128654970764,0.8320593004401204,0.47139067828722997,0.8421052631578951,0.37209302325581395,0.7272727272727273,0.5757575757575758,0.5897435897435898,0.25936599423631124,0.9951956074124915,0.6451612903225851,0.7179487179487178,0.8645650904845306,0.8534151957022263,0.8595702148925535
0.347366736033296,0.3110788582486696,0.8479532163742691,0.9163771137363911,0.5145888594164456,0.8421052631578951,0.37209302325581395,0.6363636363636359,0.393939393939394,0.43589743589743596,0.3112391930835735,0.9993136582017845,0.59677419354839,0.7179487179487178,0.828371278458844,0.8154259401381433,0.8318340829585203
0.42260284936769654,0.46444121915820025,0.8888888888888886,0.7604818160759786,0.31546040166729816,0.2631578947368424,0.37209302325581395,0.36363636363636326,0.6060606060606061,0.7692307692307694,0.43515850144092216,0.9986273164035689,0.5806451612903251,0.7564102564102566,0.643315820198482,0.6216423637759012,0.6934032983508247
