0.5076923076923077,0.8456659619450317,0.6176470588235295,0.44739515309824407,0.25293197810789675,0.0,0.0,1.0,0.7065217391304348,0.6,0.0226628895184136,0.0,0.0,0.7173913043478256,0.9139072847682108,0.9380888290713332,0.8205128205128215
0.4718531468531469,0.8403805496828753,0.6176470588235295,0.4769989841822668,0.27677873338545733,0.23529411764705874,0.0,0.8,0.9673913043478262,0.9099999999999999,0.9943342776203966,0.9278091650973007,0.0,0.6956521739130435,0.8987701040681179,0.9232839838492615,0.8050089445438272
0.35891608391608393,0.7711416490486257,0.7205882352941183,0.6045566681178348,0.25293197810789675,0.3647058823529412,0.1499999999999999,0.65,0.9782608695652175,0.9700000000000001,0.9971671388101983,0.4450721908349027,0.0,0.793478260869565,0.9299905392620642,0.9461641991924641,0.8664281454979128
0.26153846153846155,0.6691331923890065,0.7647058823529409,0.7326948193295604,0.2763878029710712,0.6117647058823529,0.32499999999999996,0.45,1.0,0.89,0.9886685552407932,0.7338355304456999,0.0,0.8260869565217391,0.9356669820245999,0.9475100942126493,0.8825283243887899
0.1692307692307692,0.4291754756871036,0.8529411764705886,0.9059643012625164,0.4495699765441751,0.6470588235294118,0.32499999999999996,0.45,0.7717391304347826,0.8099999999999999,0.9461756373937678,0.9780288763339611,0.9910272096952747,0.8804347826086955,0.9526963103122036,0.9596231493943457,0.9189028026237333
0.22045454545454543,0.31395348837209297,0.8529411764705886,0.9936148599622696,0.46207974980453476,0.6588235294117647,0.32499999999999996,0.65,0.9347826086956522,1.0,0.9915014164305949,0.9868173258003766,0.991726388160578,0.8913043478260865,0.9545884578997178,0.9609690444145357,0.9230769230769222
0.07692307692307693,0.5634249471458774,0.8529411764705886,0.8328254244666957,0.6254886630179829,0.7058823529411765,0.32499999999999996,0.8,0.9456521739130435,0.99,1.0,0.967984934086629,0.9930082153469674,0.9021739130434775,0.9602649006622535,0.9650067294751011,0.9314251639833044
0.36923076923076925,0.6136363636363638,0.8088235294117648,0.7557683935568132,0.0,0.7176470588235294,0.32499999999999996,0.9,0.9347826086956522,0.89,0.019830028328611898,0.9880728185812931,0.9938239235564877,0.8695652173913043,0.9479659413434249,0.9555854643337802,0.9093619558735831
0.23583916083916087,0.6802325581395349,0.8529411764705886,0.733855753881875,0.33854573885848316,0.8470588235294116,0.6000000000000001,0.95,0.9347826086956522,0.9,0.025495750708215296,0.9912115505335845,0.9941735127891395,0.8913043478260865,0.9612109744560071,0.9663526244952912,0.9296362552176514
0.3230769230769231,0.7415433403805498,0.8529411764705886,0.6482368306486722,0.2564503518373729,1.0,0.6000000000000001,1.0,0.8260869565217391,0.8700000000000001,0.028328611898016998,0.9843063402385436,0.9950474858707686,0.9021739130434775,0.9498580889309358,0.9528936742934049,0.9284436493738814
0.6410839160839161,0.8271670190274842,0.7205882352941183,0.37280510811203016,0.016419077404221976,0.6117647058823529,0.6000000000000001,0.8,0.782608695652174,0.7700000000000001,0.014164305949008499,0.9912115505335845,0.9960379886966149,0.782608695652174,0.8618732261116357,0.8694481830417208,0.8252832438878954
0.4872377622377622,0.8995771670190275,0.9117647058823535,0.4262080975185024,0.46794370602032836,0.9176470588235294,0.6000000000000001,0.75,0.5543478260869565,0.5200000000000001,0.0,0.9943502824858758,0.9973198158830041,0.8913043478260865,0.9290444654683071,0.9300134589502023,0.9135360763267742
0.5281468531468532,0.9254756871035943,0.8529411764705886,0.3809316499782325,0.5394839718530101,0.6235294117647059,0.6000000000000001,0.8,0.3804347826086957,0.39999999999999997,0.0028328611898017,0.9943502824858758,0.9986016430693934,0.8478260869565213,0.9205298013245036,0.9273216689098269,0.8867024448419789
0.4872377622377622,0.8567653276955605,0.8529411764705886,0.4533449426788565,0.3150899139953088,0.6823529411764706,0.6000000000000001,0.0,0.48913043478260876,0.51,0.9093484419263456,0.9573132454488387,0.9990677620462622,0.8913043478260865,0.9403973509933785,0.9434724091520839,0.9171138938580803
0.38968531468531464,0.9016913319238903,0.9558823529411761,0.5005079088666375,0.553948397185301,0.42352941176470593,0.6000000000000001,0.9,0.27173913043478265,0.31999999999999995,0.11331444759206799,0.9861895794099184,0.9994173512789141,0.9239130434782606,0.9583727530747393,0.9582772543741603,0.9439475253428734
0.28199300699300694,1.0,0.9117647058823535,0.5653751269772167,0.8772478498827209,0.3647058823529412,0.6000000000000001,0.95,0.18478260869565222,0.26,0.08781869688385269,0.9893283113622097,1.0,0.9239130434782606,0.9508041627246928,0.9515477792732148,0.9373881932021464
0.0052447552447552415,0.7082452431289641,0.9558823529411761,0.8167174575533305,0.8045347928068803,0.5058823529411763,0.6000000000000001,1.0,0.33695652173913043,0.35,0.08781869688385269,0.9880728185812931,0.9994756161510225,0.9673913043478258,0.9678334910123,0.963660834454911,0.9677996422182478
0.0,0.07822410147991542,1.0,0.8841967784066174,0.9053948397185302,0.2588235294117647,0.6000000000000001,1.0,0.2173913043478261,0.29999999999999993,0.0821529745042493,0.9824231010671689,0.9987181728136107,1.0,0.9801324503311251,0.973082099596232,0.9880739415623139
0.0052447552447552415,0.16384778012684992,1.0,0.8859381802350893,0.8698201720093824,0.5176470588235293,0.6000000000000001,0.95,0.1739130434782609,0.18000000000000002,0.13314447592067988,0.9918392969240427,0.9984268484530677,0.989130434782608,0.9858088930936607,0.9798115746971728,0.9886702444841989
0.1333916083916084,0.020613107822410104,1.0,0.9934697431432304,0.9679437060203284,0.6941176470588235,0.6000000000000001,1.0,0.13043478260869568,0.08000000000000003,0.18980169971671387,0.9905838041431262,0.9986016430693934,0.9673913043478258,0.9952696310312213,0.9946164199192445,0.9827072152653549
0.1437062937062937,0.0,0.9558823529411761,1.0,1.0,0.8235294117647057,1.0,0.95,0.2173913043478261,0.14999999999999997,0.17847025495750707,0.9968612680477087,0.9983685835809589,0.9673913043478258,1.0,1.0,0.9838998211091228
0.02062937062937063,0.31395348837209297,1.0,0.8818749093019882,0.7928068803752931,0.5176470588235293,0.6000000000000001,0.85,0.06521739130434784,0.02999999999999998,0.17563739376770537,0.9949780288763339,0.9981937889646333,1.0,0.9952696310312213,0.9892328398384937,1.0
0.15384615384615385,0.6839323467230444,1.0,0.762734000870701,0.5046911649726349,0.6352941176470588,1.0,0.85,0.0,0.0,0.29461756373937675,0.9993722536095417,0.9981937889646333,0.989130434782608,0.9952696310312213,0.9919246298788691,0.9904591532498499
1.0,0.9328752642706132,0.0,0.0,0.2924159499609069,0.2588235294117647,0.6000000000000001,0.9,0.08695652173913042,0.049999999999999954,0.34844192634560905,1.0,0.9983103187088505,0.0,0.0,0.0,0.0
