Station	RidershipIn1904	RidershipIn1905	RidershipIn1906	RidershipIn1907	RidershipIn1908	RidershipIn1909	RidershipIn1910	RidershipIn1911	RidershipIn1912	RidershipIn1913	RidershipIn1914	RidershipIn1915	RidershipIn1916	RidershipIn1917	RidershipIn1918	RidershipIn1919	RidershipIn1920	RidershipIn1921	RidershipIn1922	Borough
0	0	0	0	0	0	0	0	0	0	0	0	0	0	0	0.1381684135	0.2371756523	0.2171156527	0.1757412696	0.1576106013	0
0.0023696682	0	0.1049879245	0.1107802005	0.117436494	0.1123166733	0.1107469862	0.0976264286	0.0866846654	0.0826174129	0.0842496287	0.0755536613	0.049064754	0.0404475802	0.0612071419	0.1047257304	0.1087640205	0.1060353331	0.0876346893	0.0821527614	0
0.0047393365	0	0	0	0	0	0	0	0	0	0	0	0	0	0	0.0355060081	0.0460793393	0.0442452346	0.0389001342	0.0365821689	0
0.0071090047	0	0	0	0	0	0	0	0	0	0	0	0	0	0	0.1293793957	0.1873463528	0.1961469034	0.1790510121	0.1671439108	0
0.009478673	0	0	0	0	0	0	0	0	0	0	0	0	0	0	0.1136869563	0.1393378346	0.1469660998	0.1362651592	0.1311831576	0
0.0118483412	0	0	0	0	0	0	0	0	0	0	0	0	0	0	0.0347968622	0.0524687623	0.0517412192	0.0445218164	0.041649473	0
0.0142180095	0	0	0	0	0	0	0	0	0	0	0	0	0	0	0.0348172978	0.0509471398	0.0534247541	0.0483513731	0.046832928	0
0.0165876777	0	0	0	0	0	0	0	0	0	0	0	0	0	0	0.0449755621	0.070127322	0.0752165136	0.0722116635	0.0720080669	0
0.018957346	0	0	0	0	0	0	0	0	0	0	0	0	0	0	0.0580635905	0.08295649	0.0845029588	0.0764102904	0.0703211759	0
0.0213270142	0	0	0	0	0	0	0	0	0	0	0	0	0	0	0.0452730069	0.0661368947	0.0657293563	0.0613601074	0.0598608882	0
0.0236966825	0	0	0	0	0	0	0	0	0	0	0	0	0	0	0.1136545034	0.150537111	0.1473783978	0.136897175	0.1338598482	0
0.0260663507	0	0	0	0	0	0	0	0	0	0	0	0	0	0	0.0736300307	0.0886118289	0.0851803055	0.0812823102	0.0789514134	0
0.028436019	0	0	0	0	0	0	0	0	0	0	0	0	0.0014930872	0.0719135072	0.3603033998	0.5047757704	0.5226635545	0.5100226471	0.5158855458	0
0.0308056872	0.1254497976	0.1401740308	0.1405390865	0.172894617	0.2321967145	0.2510274218	0.2670108116	0.2721844483	0.2718317159	0.2714784389	0.2813240681	0.1997150392	0.1679800359	0.1976606483	0.2121779974	0.2060003882	0.1894124013	0.1717312156	0.1673033791	0
0.0331753555	0.1065856962	0.1054223031	0.1086756058	0.1331632423	0.1716586166	0.1749995357	0.1728850696	0.1612177436	0.1493274901	0.1396260615	0.1290951424	0.0885775299	0.0740079158	0.0895606978	0.1097177825	0.1186227049	0.1056660772	0.0930395749	0.0864582953	0
0.0355450237	0.1518352388	0.1502758048	0.15071864	0.1816740527	0.2328711818	0.2457831027	0.242584955	0.2281660264	0.2141982886	0.2010096475	0.1923829392	0.1345258488	0.1102337754	0.1338937111	0.1758384606	0.1821226016	0.1729544635	0.1631327658	0.1634708634	0
0.0379146919	0.0984105449	0.0991052926	0.0973554617	0.1200190821	0.1542373113	0.1547212109	0.1490180691	0.1418784389	0.1312720639	0.1258812206	0.1232228228	0.0836201725	0.0667785385	0.078629467	0.1001002992	0.1024997861	0.0921504064	0.0816296416	0.0779147856	0
0.0402843602	0.1144142432	0.1068509667	0.1016694025	0.1237673056	0.1640488832	0.1773238713	0.1718712632	0.1601459239	0.1451646448	0.141228037	0.1370814736	0.0941483321	0.0759431514	0.0884464241	0.1119706706	0.1203983505	0.111664786	0.1005675213	0.0933454147	0
0.0426540284	0.1620929705	0.1629489083	0.160411526	0.1985286005	0.2591162127	0.2743441874	0.2709197293	0.2698846725	0.2581495089	0.2464066377	0.235458683	0.159104136	0.1310240407	0.1613237174	0.2204038771	0.2092042271	0.189262932	0.1737488454	0.1638808373	0
0.0450236967	0.1424420031	0.1356380887	0.1210931551	0.1446888631	0.1805043948	0.1841831378	0.1747495792	0.1684634243	0.1604643747	0.1538841622	0.1407200668	0.0934684881	0.0741746341	0.0877080657	0.1074989029	0.1103283396	0.1001838736	0.0893758326	0.0818621333	0
0.0473933649	0.0651854221	0.0687080605	0.0676026245	0.0907031649	0.1346194822	0.1626136924	0.1769931648	0.177940297	0.1684985613	0.1590118847	0.1486019097	0.0981869793	0.0758955231	0.086390563	0.1130974959	0.1110216014	0.0980340342	0.0868424875	0.0820982059	0
0.0497630332	0.0541070682	0.0528204224	0.0600536736	0.0820314439	0.1146680541	0.1353837645	0.1464329603	0.1509637289	0.155257467	0.149585378	0.1408046306	0.0925070085	0.0715658551	0.0801064762	0.1062830759	0.1088679764	0.0975379174	0.0858804946	0.0778538402	0
0.0521327014	0.0705891718	0.0940002256	0.103628358	0.1372347636	0.1911627007	0.2185746374	0.2156719225	0.204870262	0.1955515767	0.1858248596	0.1849623802	0.1206776457	0.0954597983	0.1128475619	0.1587790013	0.1500002067	0.1349392324	0.1219840321	0.1110129286	0
0.0545023697	0.0424533387	0.0503560729	0.0925678887	0.1575163392	0.2250227795	0.2379074258	0.2333289374	0.2148832295	0.2048936749	0.1930669309	0.1875083132	0.1230468752	0.0937332903	0.1072993819	0.1446043173	0.1358570968	0.1214398722	0.1054979464	0.0966291623	0
0.0568720379	0.110903252	0.0952961854	0.0963953494	0.1376380911	0.208061219	0.2333220812	0.2280895873	0.2225981121	0.2142512936	0.2107223971	0.2030681398	0.1343189258	0.1045515545	0.1156978291	0.1527599534	0.1473660071	0.1304968351	0.1135771937	0.102442522	0
0.0592417062	0.068738407	0.0808443319	0.057685231	0.0872083092	0.1332689593	0.1553914474	0.1818412565	0.2000057805	0.1958627871	0.1933628377	0.1886555875	0.1257868874	0.0992208505	0.1089546101	0.1409264271	0.1332267484	0.1202138522	0.1090026651	0.099197355	0
0.0616113744	0	0.0025819282	0.0447546153	0.0922489034	0.1558490444	0.1992455049	0.2402796883	0.2639296138	0.2703351591	0.271891024	0.2722387847	0.1862552076	0.145890465	0.1527128199	0.1954904661	0.1827003282	0.157851219	0.1352638693	0.1204604762	0
0.0639810427	0	0	0	0	0	0	0.0055201975	0.0170807426	0.0212218996	0.0242243328	0.0276860936	0.0211046753	0.0208454813	0.026694032	0.037142351	0.0341199449	0.0298521846	0.0270455752	0.0264547493	0
0.0663507109	0	0.0050050424	0.0152625782	0.0235699227	0.0303252495	0.0333038615	0.0266376259	0.0205453858	0.0289552228	0.0409519592	0.0464975164	0.0346914781	0.0296458101	0.0393446129	0.0613283155	0.0598267544	0.0540132981	0.0479742273	0.0427100257	0
0.0687203791	0	0	8.160673170197394E-4	0.0043113543	0.0099802345	0.0124735218	0.0201629376	0.0311472861	0.0415179751	0.0490818398	0.0509996169	0.0382330129	0.033742191	0.0344861656	0.045142524	0.0436213178	0.0411887928	0.0354870815	0.0311837799	0
0.0710900474	0	0.0011760627	0.002882822	0.0039772389	0.0063348368	0.0063093743	0.0062921877	0.0058080633	0.0064665175	0.0072348011	0.0068298706	0.0060294757	0.0067249604	0.0083481797	0.0112571508	0.0111444357	0.0100536592	0.008415485	0.0075083493	0
0.0734597156	0	0.0077030036	0.0281101993	0.0123042321	0.0185715832	0.021306292	0.0206930526	0.0176489629	0.0171824661	0.0188717211	0.0179093249	0.0122600738	0.0100906133	0.0103114227	0.0125437398	0.0122441755	0.0116093591	0.0106034768	0.0115341589	0
0.0758293839	0	0	0.0339824235	0.111119371	0.0288666628	0.0171147047	0.0180208923	0.0180935421	0.0187881841	0.0216199977	0.023322416	0.0172865304	0.0142412928	0.0160924524	0.0221720815	0.0209046843	0.0192380267	0.0163245334	0.0147294513	0.3333333333
0.0781990521	0	0	0	0	5.295066156561447E-4	0.0048553378	0.0054694569	0.0058303081	0.0047124607	0.0036296136	0.0034192138	0.0026644443	0.0025150896	0.0036955929	0.0057921822	0.0051268302	0.0047082388	0.0046991291	0.004464928	0.3333333333
0.0805687204	0	0	0	0	0.1210254322	0.1652560764	0.1752553884	0.1604731499	0.1465414112	0.140564718	0.1367654079	0.0915344892	0.0626797112	0.0781132976	0.1044147127	0.0855799833	0.0825207571	0.0756534702	0.0690217829	0.3333333333
0.0829383886	0.1668452367	0.190888691	0.1841242741	0.2269195867	0.2967824715	0.3124905327	0.3121154685	0.2954651539	0.2818666418	0.2783147521	0.2564368859	0.1706732191	0.1363376199	0.1589345616	0.1500454341	0.1441101005	0.1322343765	0.1173304199	0.1047287427	0
0.0853080569	0.2365028479	0.2707872046	0.2505750546	0.299377757	0.3807659593	0.4023683813	0.4048160388	0.3832401323	0.3663650037	0.3553325499	0.3300029199	0.2189722965	0.1672750333	0.1962916636	0.2028611005	0.1983459332	0.1850379653	0.1633122434	0.1481420637	0
0.0876777251	0.2084558372	0.2518369459	0.2328598667	0.2758298796	0.3581312008	0.3627287299	0.3485143889	0.3264248122	0.2983054387	0.2764896162	0.2602552191	0.1677378048	0.1281206426	0.1526538709	0.1624244996	0.1668136144	0.1547431267	0.136405197	0.1281931215	0
0.0900473934	0.1712898479	0.1930818368	0.1897938881	0.2371273053	0.3135398776	0.3332735838	0.3375073479	0.3122517471	0.283215048	0.2665733448	0.2495330219	0.1675437928	0.1371442627	0.1613815644	0.2185281631	0.2308931634	0.2135794048	0.1801199859	0.1694359269	0
0.0924170616	0.0356423094	0.0463862748	0.0386917377	0.0579658594	0.0860671831	0.0895712391	0.0837550874	0.0750849715	0.0663009462	0.0639602145	0.0587332634	0.0389895208	0.0305264756	0.0378164366	0.0409688111	0.044144666	0.0398773681	0.0337003601	0.0301718014	0
0.0947867299	0	0	0	0	0	0	0	0	0	0	0	0	0	0	0	0	0	0	0	0
0.0971563981	0	0.0763609965	0.0803544969	0.1368323076	0.2351163925	0.2575247712	0.2706370487	0.2716962776	0.2622269913	0.2540876708	0.2403847352	0.1671764583	0.1344865557	0.1750364602	0.2267228709	0.1968692667	0.1577085005	0.1223429467	0.109945373	0
0.0995260664	0.0134164778	0.21164795	0.2072064502	0.290384994	0.4229953336	0.4397976731	0.429929318	0.3980610446	0.3750157792	0.3537085864	0.339082079	0.2563961151	0.2086859596	0.2592247005	0.3091120895	0.2743980989	0.2137402463	0.1769693283	0.165452859	0
0.1018957346	0.1254689589	0.1478535186	0.1472471185	0.1761447693	0.2456747593	0.2684703755	0.2751394183	0.2631507811	0.2426711987	0.2297054324	0.2122288426	0.1359777848	0.1051351545	0.1145150027	0.1128283254	0.1191111102	0.1059265952	0.0914799281	0.0848503863	0
0.1042654028	0.2053582461	0.227189145	0.2337153214	0.2829006975	0.362539154	0.3789037355	0.3738399744	0.3547004564	0.3299037632	0.3161353295	0.2929403935	0.1986452197	0.1563190827	0.1728102745	0.1748453208	0.1807527151	0.1471156144	0.1274311921	0.1123495836	0
0.1066350711	0.2722988952	0.3031401619	0.3035789644	0.3796909959	0.5065381361	0.5378834572	0.5339591733	0.5116753052	0.4942263102	0.4642030488	0.4367872242	0.289580378	0.2292945416	0.237367142	0.2295487794	0.2162855255	0.1893535016	0.1714865623	0.1665173497	0
0.1090047393	0.1353705953	0.141999757	0.1475455711	0.182005092	0.2513654282	0.276934153	0.2966765506	0.3001396298	0.2951186005	0.2998326564	0.2905113649	0.2099251292	0.1643045694	0.1713703755	0.1626727159	0.1623363224	0.1412052552	0.1328685431	0.1301669068	0
0.1113744076	0.1306134941	0.1490747911	0.1705039117	0.2220680699	0.294913621	0.3082228237	0.3435169733	0.3554013002	0.3567173859	0.3625249266	0.3654746734	0.2568108432	0.2038681395	0.2075176395	0.1720057783	0.1641629575	0.1436518585	0.1260574876	0.120933996	0
0.1137440758	0	0	0	0	0	0	0	0	0	0	0	0	0	0	0.05897938	0.0825956098	0.0766964821	0.0711864119	0.0666416644	0
0.1161137441	0	0	0	0	0	0	0	0	0	0	0	0	0	0	0.0808660036	0.1145341756	0.1029225514	0.0948785631	0.0899830195	0
0.1184834123	0	0	0	0	0	0	0	0	0	0	0	0	0	0	0.172974731	0.2384373466	0.2302570839	0.2093675017	0.1953388433	0
0.1208530806	0	0	0	0	0	0	0	0	0	0	0	0	0	0	0.0801979423	0.1081064976	0.092879834	0.0870417258	0.082500824	0
0.1232227488	0	0	0	0	0	0	0	0	0	0	0	0	0	0	0.0912682446	0.1261528956	0.1224003906	0.1140754119	0.1069633985	0
0.1255924171	0	0	0	0	0	0	0	0	0	0	0	0	0	0	0.1002960845	0.1269439	0.1182932686	0.1038514056	0.0967955221	0
0.1279620853	0	0	0	0	0	0	0	0	0	0	0	0	0	0	0.1104417519	0.1423452638	0.1330635032	0.1223704566	0.115464984	0
0.1303317536	0	0	0	0	0	0	0	0	0	0	0	0	0	0	0.1533481023	0.2032382272	0.2075580423	0.1832981944	0.171080522	0
0.1327014218	0	0	0	0	0	0	0	0	0	0	0	0	0	0	0.0188810952	0.0228676764	0.0228118571	0.0218774508	0.0234524163	0.3333333333
0.13507109	0	0	0	0	0	0	0	0	0	0	0	0	2.2934992960390598E-4	0.0068102873	0.0431865622	0.0499753358	0.0491382146	0.0444462608	0.0519022196	0.3333333333
0.1374407583	0	0	0	0	0	0	0	0	0	0	0	0	1.7659944579500762E-4	0.0049471294	0.0108817457	0.012083171	0.0142981308	0.0167507036	0.0231083845	0.3333333333
0.1398104265	0	0	0	0	0	0	0	0	0	0	0	0	1.1582171444997252E-4	0.0027025235	0.01136488	0.0127511434	0.0139397487	0.0150021374	0.0183469959	0.3333333333
0.1421800948	0	0	0	0	0	0	0	0	0	0	0	0	3.0255078213581934E-4	0.0070390211	0.0252670689	0.0276206351	0.0279275234	0.0274610391	0.0284783906	0.3333333333
0.144549763	0	0	0	0	0	0	0	0	0	0	0	0	4.91191099235032E-4	0.0130650458	0.0369031629	0.0404664916	0.044348309	0.0475610678	0.0597026644	0.3333333333
0.1469194313	0	0	0	0	0	0	0	0	0	0	0	0	5.485285816360085E-4	0.0137087619	0.0324223365	0.0354847221	0.0346239672	0.0341478613	0.0366851685	0.3333333333
0.1492890995	0	0	0	0	0	0	0	0	0	0	0	0	7.35831024145865E-4	0.0170867588	0.0469957893	0.0522398232	0.0544822304	0.0561048647	0.061942317	0.3333333333
0.1516587678	0	0	0	0	0	0	0	0	0	0	0	0	3.535811414726884E-4	0.0094507355	0.0315332657	0.0274258173	0.0278505007	0.0349093718	0.0466769703	0.3333333333
0.154028436	0	0	0	0	0	0	0	0	0	0	0	0	0	4.537342640306087E-4	0.0054827811	0.0101537867	0.0107211741	0.0102511492	0.0102639847	0.3333333333
0.1563981043	0	0	0	0	0	0	0	0	0	0	0	0	0	2.3887734798597675E-4	0.0034096958	0.004404659	0.0047545884	0.004504887	0.0052759596	0.3333333333
0.1587677725	0	0	0	0	0	0	0	0	0	0	0	0	0	1.7979338290178873E-4	0.0025168124	0.0056567767	0.0070558226	0.0087989933	0.0079572569	0.3333333333
0.1611374408	0	0.1220824275	0.1286586112	0.1650302175	0.2263696982	0.2495906616	0.2615521771	0.2521118573	0.2371719874	0.2268604707	0.2093262818	0.1402606711	0.102337028	0.1195435497	0.1800459685	0.2749842725	0.2532234395	0.221482131	0.1976681957	0.3333333333
0.163507109	0.0708004831	0.0953296925	0.1000445827	0.1292487557	0.1713558668	0.1817539064	0.19930897	0.2025950031	0.1928935187	0.1889869182	0.18802052	0.125668176	0.0920646931	0.1086298395	0.1445469756	0.1252532111	0.1152871181	0.0996354856	0.0858083109	0.3333333333
0.1658767773	0.0655478747	0.1119429511	0.1291826967	0.1810359678	0.2482395188	0.2752342983	0.2956192776	0.2983265981	0.288263552	0.2765066392	0.2708879868	0.1812816245	0.1380343125	0.1623468799	0.2163855358	0.1910674293	0.173885532	0.1550857392	0.1433650719	0.3333333333
0.1682464455	0	0	0	0	0	0.0105242521	0.092707312	0.1252556437	0.1369024473	0.1488212068	0.1489634452	0.0992609687	0.076145935	0.0886089894	0.1182819477	0.1002995876	0.0898039326	0.0751107751	0.0644645918	0.3333333333
0.1706161137	0.0220547232	0.0330784121	0.0451060062	0.0743515589	0.1218198143	0.1711294166	0.1887245306	0.2092002339	0.2233055563	0.2452446436	0.2456983296	0.1629134865	0.1304303111	0.1519044019	0.1969154682	0.1673677976	0.1462366496	0.1258178917	0.1168923604	0.3333333333
0.172985782	0.0409675336	0.0683886661	0.0734425887	0.1028779446	0.1514906943	0.1751476516	0.205389916	0.23113991	0.2343650733	0.2343987148	0.2323876238	0.1618362626	0.125794289	0.1469487034	0.206209642	0.1953879274	0.1764585431	0.1508338257	0.1340500771	0.3333333333
0.1753554502	0.0084159208	0.0121075667	0.0121872273	0.0166421946	0.0252203488	0.0373596561	0.0471824189	0.0569446677	0.0771595427	0.0976206738	0.101891977	0.0733347016	0.0588627359	0.0692647823	0.0989388858	0.0956360787	0.0911892084	0.0796555709	0.0738310585	0.3333333333
0.1777251185	0.0228218012	0.0399056478	0.0411780141	0.057520697	0.1046167137	0.12501152	0.1512959548	0.1494101319	0.1360749671	0.1286756898	0.1267405266	0.0841941626	0.0563220547	0.0601959896	0.1073800409	0.0887586869	0.0777838613	0.062536776	0.0591257364	0.3333333333
0.1800947867	0	0	0	0	0	0	0	0	0	0	0	0	0.0047570998	0.0202554317	0.0500123285	0.0573002592	0.0587909707	0.054134322	0.0492572555	0.3333333333
0.182464455	0	0	0	0	0	0	0	0	0	0	0	0	0.0014697508	0.0061787388	0.006191073	0.0054814971	0.0055198088	0.0049032617	0.00395801	0.3333333333
0.1848341232	0	0	0	0	0	0	0	0	0	0	0	0	2.694479422963222E-4	0.0010710684	0.001825174	0.0014624172	0.0015414733	0.001707597	0.001534927	0.3333333333
0.1872037915	0	0	0	0	0	0	0	0	0	0	0	0	1.2459434925732194E-4	3.8360719774492227E-4	8.084568996028661E-4	0.001233324	0.0016047905	0.0021946807	0.0027166273	0.3333333333
0.1895734597	0	0	0	0	0	0	0	0	0	0	0	0	0.0010473647	0.0044554753	0.0068227467	0.0071611203	0.007471428	0.0073426569	0.0742579173	0.3333333333
0.191943128	0	0	0	0	0	0	0	0	0	0	0	0	0.0016172993	0.0071989324	0.011330536	0.0105768504	0.0127141817	0.0125289105	0.0120364702	0.3333333333
0.1943127962	0	0	0	0	0	0	0	0	0	0	0	0	0.0031019578	0.0087175275	0.0138650999	0.0144757739	0.0158258986	0.0149296611	0.0139811853	0.3333333333
0.1966824645	0	0	0	0	0	0	0	0	0	0	0	0	0.0013933008	0.0073275812	0.0114652889	0.0123483881	0.0121863497	0.0120905249	0.011453561	0.3333333333
0.1990521327	0	0	0	0	0	0	0	0	0	0	0	0	0.0011169342	0.0059007496	0.0093302258	0.0099385834	0.0099835006	0.0097261756	0.0086833069	0.3333333333
0.2014218009	0	0	0	0	0	0	0	0	0	0	0	0	0.0045766778	0.0261849697	0.0370768961	0.0369891941	0.0194504961	0.0055081143	0.0061087801	0.3333333333
0.2037914692	0	0	0	0	0	0	0	0	0	0	0	0	0	0	0	0	0.0219152223	0.0402861152	0.0371393329	0.3333333333
0.2061611374	0	0	0	0	0	0	0	0	0	0	0	0	0	0	0	0	0	0	0	0.3333333333
0.2085308057	0	0	0	0	0	0	0	0	0	0	0	0	0	0	0	0	0	0	0	0.3333333333
0.2109004739	0	0	0	0	0	0	0	0	0	0	0	0	0	0	0	0	0	0	0	0.3333333333
0.2132701422	0	0	0	0	0	0	0	0	0	0	0	0	0	0	0	0	0	0	0	0.3333333333
0.2156398104	0	0	0	0	0	0	0	0	0	0	0	0	0	0	0.0402119312	0.0487475832	0.0498209981	0.0430505727	0.0362889031	0.3333333333
0.2180094787	0	0	0	0	0	0	0	0	0	0	0	0	0	0	0.0430105415	0.1007589037	0.0982533223	0.0872476326	0.0769268806	0.3333333333
0.2203791469	0	0	0	0	0	0	0	0	0	0	0	0	0	0	0.0188254615	0.0437531305	0.0436097973	0.0415190682	0.0379596336	0.3333333333
0.2227488152	0	0	0	0	0	0	0	0	0	0	0	0	0	0	0.0037500859	0.0100799213	0.0100344035	0.00959664	0.0106152423	0.3333333333
0.2251184834	0	0	0	0	0	0	0	0	0	0	0	0	0	0	0.0213054898	0.0488887927	0.045130769	0.0400475187	0.0374818044	0.3333333333
0.2274881517	0	0	0	0	0	0	0	0	0	0	0	0	0	0	0.0183795383	0.0413025033	0.0375338393	0.0332450689	0.0334332402	0.3333333333
0.2298578199	0	0	0	0	0	0	0	0	0	0	0	0	0	0	0.0241719646	0.0567662304	0.0532476019	0.0446110759	0.0418268478	0.3333333333
0.2322274882	0	0	0	0	0	0	0	0	0	0	0	0	0	0	0	2.0988870814925067E-4	0.0016622177	0.0018984743	0.0017199734	0.3333333333
0.2345971564	0	0	0	0	0	0	0	0	0	0	0	0	0	0	0	3.3428146545605425E-4	0.0030356004	0.0028121768	0.0028066986	0.3333333333
0.2369668246	0	0	0	0	0	0	0	0	0	0	0	0	0	0	0	1.0434100427138284E-4	6.149582651389865E-4	7.264144321484954E-4	6.68132438044411E-4	0.3333333333
0.2393364929	0	0	0	0	0	0	0	0	0	0	0	0	0	0	0	5.817832570840392E-4	0.00637023	0.0058311373	0.0057984437	0.3333333333
0.2417061611	0	0	0	0	0	0	0	0	0	0	0	0	0	0	0	9.065651724464882E-4	0.0064402301	0.0038330439	0.003641971	0.3333333333
0.2440758294	0	0	0	0	0	0	0	0	0	0	0	0	0	0	0	0	0.0065990327	0.0097673691	0.0094713425	0.3333333333
0.2464454976	0	0	0	0	0	0	0	0	0	0	0	0	0	0	0	0	0.0046055041	0.0062361397	0.0058083257	0.3333333333
0.2488151659	0	0	0	0	0	0	0	0	0	0	0	0	0	0	0	0	0.0064812333	0.0114750681	0.0124431749	0.3333333333
0.2511848341	0	0	0	0	0	0	0	0	0	0	0	0	0	0	0	0	0.0011562919	0.0020266434	0.0022486802	0.3333333333
0.2535545024	0	0	0	0	0	0	0	0	0	0	0	0	0	0	0	0	0.0017058262	0.0033260771	0.0038803655	0.3333333333
0.2559241706	0	0	0	0	0	0	0	0	0	0	0	0	0	0	0	0	0.0062932073	0.0142362627	0.0144528476	0.3333333333
0.2582938389	0	0	0	0	0	0	0	0	0	0	0	0	0	0	0.0157884562	0.0325454329	0.0766928575	0.0881660255	0.0897976015	0
0.2606635071	0	0	0	0	0	0	0	0	0	0	0	0	0	0.0182798411	0.0503777598	0.0469148119	0.0686922382	0.0701550629	0.0700929792	0
0.2630331754	0	0	0	0	0	0	0	0	0	0	0	0	0	0.0348852017	0.1156977588	0.125970992	0.1918206518	0.213437368	0.2128623621	0
0.2654028436	0	0	0	0	0	0	0	0	0	0	0	0	0	0.015111888	0.0647872397	0.0762593072	0.1312739035	0.1284244065	0.1200192216	0
0.2677725118	0	0	0	0	0	0	0	0	0	0	0	0	0	0.0337860645	0.0680206708	0.0851616694	0.0811106075	0.0854427412	0.0838527293	0
0.2701421801	0	0	0	0	0	0	0	0	0	0	0	0	0	0.0477544855	0.1009976052	0.1305639988	0.1167990509	0.1177617699	0.1112406238	0
0.2725118483	0	0	0	0	0	0	0	0	0	0	0	0	0	0.0458077059	0.1715952362	0.1869964356	0.1691123223	0.1675645036	0.1660994999	0
0.2748815166	0	0	0	0	0	0	0	0	0	0	0	0	0	0.0334941083	0.1083998995	0.1081758443	0.0936277017	0.0940496337	0.0908701539	0
0.2772511848	0	0	0	0	0	0	0	0	0	0	0	0	0	0	0	0.0759304431	0.0836943565	0.0863480011	0.0884288671	0
0.2796208531	0	0	0	0	0	0	0	0	0	0	0	0	0	0	0	0.068168412	0.0708990517	0.0757450137	0.0794852655	0
0.2819905213	0	0	0	0	0	0	0	0	0	0	0	0	0	0	0	0.021933922	0.025591357	0.0264611971	0.025749355	0
0.2843601896	0	0	0	0	0	0	0	0	0	0	0	0	0	0	0	0	0	0	0	0
0.2867298578	0	0	0	0	0	0	0	0	0	0.2676518644	0.3079310921	0.2280828693	0.1837554694	0.150852271	0.1841769801	0.1697874871	0.1407942712	0.1382403922	0.1313534739	0
0.2890995261	0	0	0	0	0	0	0	0	0	0	0	0	0	0	0	0	0	0	0	0
0.2914691943	0	0	0	0	0	0	0	0	0	0	0	0	0	0	0	0	0	0	0	0
0.2938388626	0	0	0	0	0	0	0	0	0	0	0	0	0	0	0	0	0	0	0	0
0.2962085308	0	0	0	0	0	0	0	0	0	0	0	0	0	0	0	0	0	0	0	0
0.2985781991	0	0	0	0	0	0	0	0	0	0	0	0	0	0	0	0	0	0	0	0
0.3009478673	0	0	0	0	0	0	0	0	0	0	0	0	0	0	0	0	0	0	0	0
0.3033175355	0	0	0	0	0	0	0	0	0	0	0	0	0	0	0	0	0	0	0	0
0.3056872038	0	0	0	0	0	0	0	0	0	0	0	0	0	0	0	0	0	0	0	0
0.308056872	0	0	0	0	0	0	0	0	0	0	0	0	0	0	0	0	0	0	0	0
0.3104265403	0	0	0	0	0	0	0	0	0	0	0	0	0	0	0	0	0	0	0	0
0.3127962085	0	0	0	0	0	0	0	0	0	0	0	0	0	0	0	0	0	0	0	0
0.3151658768	0	0	0	0	0	0	0	0	0	0	0	0	0	0	0	0	0	0	0	0
0.317535545	0	0	0	0	0	0	0	0	0	0	0	0	0	0	0	0	0	0	0	0
0.3199052133	0	0	0	0	0	0	0	0	0	0	0	0	0	0	0	0	0	0	0	0
0.3222748815	0	0	0	0	0	0	0	0	0	0	0	0	0	0	0	0	0	0	0	0
0.3246445498	0	0	0	0	0	0	0	0	0	0	0	0	0	0	0	0	0	0	0	0
0.327014218	0	0	0	0	0	0	0	0	0	0	0	0	0	0	0	0	0	0	0	0
0.3293838863	0	0	0	0	0	0	0	0	0	0	0	0	0	0	0	0	0	0	0	0
0.3317535545	0	0	0	0	0	0	0	0	0	0	0	0	0	0	0	0	0	0	0	0
0.3341232227	0	0	0	0	0	0	0	0	0	0	0	0	0	0	0	0	0	0	0	0
0.336492891	0	0	0	0	0	0	0	0	0	0	0	0	0	0	0	0	0	0	0	0
0.3388625592	0	0	0	0	0	0	0	0	0	0	0	0	0	0	0	0	0	0	0	0
0.3412322275	0	0	0	0	0	0	0	0	0	0	0	0	0	0	0	0	0	0	0	0
0.3436018957	0	0	0	0	0	0	0	0	0	0	0	0	0	0	0	0	0	0	0	0
0.345971564	0	0	0	0	0	0	0	0	0	0	0	0	0	0	0	0	0	0	0	0
0.3483412322	0	0	0	0	0	0	0	0	0	0	0	0	0	0	0	0	0	0	0	0
0.3507109005	0	0	0	0	0	0	0	0	0	0	0	0	0	0	0	0	0	0	0	0
0.3530805687	0	0	0	0	0	0	0	0	0	0	0	0	0	0	0	0	0	0	0	0
0.355450237	0	0	0	0	0	0	0	0	0	0	0	0	0	0	0	0	0	0	0	0
0.3578199052	0	0	0	0	0	0	0	0	0	0	0	0	0	0	0	0	0	0	0	0
0.3601895735	0	0	0	0	0	0	0	0	0	0	0	0	0	0	0	0	0	0	0	0
0.3625592417	0	0	0	0	0	0	0	0	0	0	0	0	0	0	0	0	0	0	0	0
0.36492891	0	0	0	0	0	0	0	0	0	0	0	0	0	0	0	0	0	0	0	0
0.3672985782	0	0	0	0	0	0	0	0	0	0	0	0	0	0	0	0	0	0	0	0
0.3696682464	0	0	0	0	0	0	0	0	0	0	0	0	0	0	0	0	0	0	0	0
0.3720379147	0	0	0	0	0	0	0	0	0	0	0	0	0	0	0	0	0	0	0	0.3333333333
0.3744075829	0	0	0	0	0	0	0	0	0	0	0	0	0	0	0	0	0	0	0	0.3333333333
0.3767772512	0	0	0	0	0	0	0	0	0	0	0	0	0	0	0	0	0	0	0	0.3333333333
0.3791469194	0	0	0	0	0	0	0	0	0	0	0	0	0	0	0	0	0	0	0	0.3333333333
0.3815165877	0	0	0	0	0	0	0	0	0	0	0	0	0	0	0	0	0	0	0	0.3333333333
0.3838862559	0	0	0	0	0	0	0	0	0	0	0	0	0	0	0	0	0	0	0	0.3333333333
0.3862559242	0	0	0	0	0	0	0	0	0	0	0	0	0	0	0	0	0	0	0	0.3333333333
0.3886255924	0	0	0	0	0	0	0	0	0	0	0	0	0	0	0	0	0	0	0	0.3333333333
0.3909952607	0	0	0	0	0	0	0	0	0	0	0	0	0	0	0	0	0	0	0	0.3333333333
0.3933649289	0.2736842379	0.3372998561	0.3342566529	0.439775568	0.6437691097	0.7577614797	0.7849564802	0.7756214044	0.7478017735	0.7262129112	0.6808023731	0.4540457468	0.3418429165	0.4111210507	0.4876996879	0.4804647529	0.4302693939	0.3654513495	0.3396964083	0
0.3957345972	0	0	0	0	0	0	0	0	0	0	0	0	0	0	0.0951917891	0.1023342885	0.1025262697	0.0927560324	0.0855164011	0
0.3981042654	1	1	1	1	1	1	1	0.935634335	0.8507586254	0.9850448003	1	1	1	1	1	0.877976867	0.6567996667	0.5755385563	0.5381425903	0
0.4004739336	0.1097584103	0.1234920467	0.1139693057	0.1385545628	0.1834920021	0.1924127129	0.1942786143	0.1825670602	0.1697855907	0.3440717752	0.3990961739	0.2926342364	0.2219900904	0.2297075031	0.286701247	0.3079439371	0.2873804452	0.2770155671	0.2734178339	0
0.4028436019	0	0	0	0	0	0	0	0.6989378708	0.6499374475	0.3495720522	0.2674626068	0.1842501048	0.1461911618	0.1581575861	0.2266170938	0.2372479259	0.2274502182	0.2269055129	0.2187504313	0
0.4052132701	0.1368380449	0.1535378124	0.1478564025	0.177804067	0.2400496373	0.2554715491	0.2522871704	0.2386943762	0.2239736922	0.2103787462	0.1979844533	0.1266374342	0.0980978004	0.1069009981	0.113694612	0.1185208543	0.1043634875	0.0921529948	0.0851824371	0
0.4075829384	0	0	0	0	0	0	0	0	0	0	0	0	0	0	0	0	0	0	0	0
0.4099526066	0	0	0	0	0	0	0	0	0	0	0	0	0	0	0	0	0	0	0	0
0.4123222749	0	0	0	0	0	0	0	0	0	0	0	0	0	0	0.1624145258	0.2246315478	0.228644138	0.2232896734	0.2199400447	0
0.4146919431	0.3792568038	0.4051776898	0.4073783758	0.522917739	0.7207767083	0.7550843662	0.7401843575	0.6874255182	0.6625244684	0.6302717471	0.572718697	0.3852206354	0.300383196	0.55626622	0.7405160801	0.7077136064	0.6504535629	0.6462197757	0.6383820715	0
0.4170616114	0	0	0	0	0	0	0	0	0	0	0	0	0	0	0	0.2846557901	0.286945199	0.3002457993	0.3052706378	0
0.4194312796	0.4586141416	0.4896549265	0.48726196	0.5797223208	0.6180161388	0.664837525	0.6897304717	0.671535111	0.6213841598	0.6057613932	0.6001553776	0.4056283589	0.3305238477	0.4204809898	0.9340809023	1	1	1	1	0
0.4218009479	0	0	0	0	0	0	0	0	0	0	0	0	0	0	0	0	0	0	0	0
0.4241706161	0.3260412723	0.3477755082	0.3650343101	0.4674804309	0.7627702237	0.8258642186	0.816057681	0.7923340772	0.79668547	0.866725851	0.8601457056	0.6367203125	0.5205150741	0.6435761943	0.7328300664	0.7302908534	0.6659687655	0.6105243606	0.6155682344	0
0.4265402844	0	0	0	0	0	0	0	0	0	0	0	0	0	0	0.0683019501	0.0896448408	0.0833541653	0.0742584551	0.0736729461	0
0.4289099526	0.1746422661	0.1772087167	0.1857033296	0.2263439465	0.3110520884	0.3453986911	0.3482129023	0.333529204	0.3111355207	0.300491099	0.2883586788	0.2018695403	0.1641469487	0.1888272469	0.2132612369	0.2035538176	0.1808583513	0.1635868538	0.1594748857	0
0.4312796209	0	0	0	0	0	0	0	0	0	0	0	0	0	0	0.1051776318	0.1655437813	0.1669281398	0.1626360159	0.1594267944	0
0.4336492891	0	0.0074716551	0.0394697307	0.0672544916	0.1023370497	0.1205395619	0.1363341049	0.1337029671	0.1303745531	0.1298203506	0.1244888472	0.0835338855	0.0748665446	0.080503488	0.1083224272	0.1003219243	0.0868725394	0.0764120849	0.0715776045	0
0.4360189573	0	0.0248562408	0.0314919271	0.0377938954	0.0465170462	0.0501546462	0.0488155798	0.0443225048	0.0387497684	0.03467798	0.0318690244	0.0210915505	0.0180127039	0.0198300136	0.038733095	0.0411741054	0.0403825464	0.0349625972	0.0333525866	0.3333333333
0.4383886256	0	0	0	0	0	0	0	0	0	0	0	0	1.701011977895636E-4	0.0039370568	0.0156395203	0.0181708935	0.017435673	0.0173890005	0.025875295	0.3333333333
0.4407582938	0	0	0	0	0	0	0	0	0	0	0	0	0	0	0	0	0	0	0	0.6666666667
0.4431279621	0	0	0	0	0	0	0	0	0	0	0	0	0	0	0	0	0	0	0	0.6666666667
0.4454976303	0	0	0	0	0	0	0	0	0	0	0	0	0	0	0	0	0.015458002	0.0330081038	0.0430230926	0.6666666667
0.4478672986	0	0	0	0	0	0	0	0	0	0	0	0	0	0	0	0	0.0212016297	0.0306667983	0.0301618636	0.6666666667
0.4502369668	0	0	0	0	0	0	0	0	0	0	0	0	0	0	0	0	0.0278391738	0.0437896103	0.0453977129	0.6666666667
0.4526066351	0	0	0	0	0	0	0	0	0	0	0	0	0	0	0	0	0.0163335688	0.027203885	0.0306432593	0.6666666667
0.4549763033	0	0	0	0	0	0	0	0	0	0	0	0	0	0	0	0	0.0248670039	0.0372271847	0.0389022336	0.6666666667
0.4573459716	0	0	0	0	0	0	0	0	0	0	0	0	0	0	0	0	0.0880777181	0.0660790176	0.0658320444	0.6666666667
0.4597156398	0	0	0	0	0	0	0	0	0	0	0	0	0	0	0	0	0.0416149095	0.0431352031	0.0410342614	0.6666666667
0.4620853081	0	0	0	0	0	0	0	0	0	0	0	0	0	0	0	0	0.0317129623	0.03100532	0.0291559778	0.6666666667
0.4644549763	0	0	0	0	0	0	0	0	0	0	0	0	0	0	0	0	0.0350226729	0.0368499166	0.0344390889	0.6666666667
0.4668246445	0	0	0	0	0	0	0	0	0	0	0	0	0	0	0	0	0.0197175836	0.0172678057	0.016393829	0.6666666667
0.4691943128	0	0	0	0	0	0	0	0	0	0	0	0	0	0	0	0	0.0248851269	0.0221672335	0.019522455	0.6666666667
0.471563981	0	0	0	0	0	0	0	0	0	0	0	0	0	0	0	0	0.0360556832	0.0316982697	0.0294164397	0.6666666667
0.4739336493	0	0	0	0	0	0	0	0	0	0	0	0	0	0	0	0	0.021600562	0.0191561039	0.0167043512	0.6666666667
0.4763033175	0	0	0	0	0	0	0	0	0	0	0	0	0	0	0	0	0.0161657046	0.0146278058	0.0127225278	0.6666666667
0.4786729858	0	0	0	0	0	0	0	0	0	0	0	0	0	0	0	0	0.0121070616	0.0105435218	0.0104179176	0.6666666667
0.481042654	0	0	0	0	0	0	0	0	0	0	0	0	0	0	0	0	0.0101941803	0.0167923051	0.0185010403	0.6666666667
0.4834123223	0	0	0	0	0	0	0	0	0	0	0	0	0	0	0	0	0.0379835159	0.048838885	0.0461274408	0.6666666667
0.4857819905	0	0	0	0	0	0	0	0	0	0	0	0	0	0	0	0	0.0275519245	0.0391333267	0.036047258	0.6666666667
0.4881516588	0	0	0	0.021190152	0.2291037923	0.2435428488	0.2444554376	0.2371008337	0.2267206405	0.2079469902	0.1982228762	0.1281072531	0.093142848	0.1087240769	0.1464019184	0.1993172237	0.199135384	0.1780073254	0.16566705	0.6666666667
0.490521327	0	0	0	0.0229835162	0.2185393168	0.3071708584	0.3574735918	0.3690005441	0.3593015567	0.3426201248	0.3192127276	0.2192102005	0.1622689741	0.1862430038	0.2101986414	0.1624181983	0.1372213469	0.1088135416	0.0970623739	0.6666666667
0.4928909953	0	0	0	0	0	0	0	0	0	0	0	0	0	0	0.0070570546	0.0454124965	0.057488381	0.051836637	0.047564179	0.6666666667
0.4952606635	0	0	0	0	0	0	0	0	0	0	0	0	0	0	0	0	0	0	0	0.6666666667
0.4976303318	0	0	0	0	0	0	0	0	0	0	0	0.0069496027	0.0124496111	0.0200067707	0.0331468854	0.0351810189	0.0362202399	0.0369084645	0.0418459246	0.6666666667
0.5	0	0	0	0	0	0	0	0	0	0	0	0.0121756848	0.021444314	0.0295465482	0.0589040428	0.055729239	0.0492145124	0.0458842844	0.0468671621	0.6666666667
0.5023696682	0	0	0	0	0	0	0	0	0	0	0	0.0165711077	0.0284825855	0.0370935745	0.0657480486	0.0654229907	0.062482963	0.0575401761	0.0573359201	0.6666666667
0.5047393365	0	0	0	0	0	0	0	0	0	0	0.0011659824	0.0447964627	0.0410980357	0.0607663624	0.1242414273	0.1122028319	0.0960196415	0.0839568555	0.0790334602	0.6666666667
0.5071090047	0	0	0	0	0	0	0	0	0	0	0	0.0389302052	0.0391351444	0.0500315684	0.0778520875	0.0723639268	0.0692711317	0.0599014665	0.0565303496	0.6666666667
0.509478673	0	0	0	0	0	0	0	0	0	0	0	0.0318937541	0.0342948479	0.0492188097	0.0804642457	0.0718326966	0.0676157101	0.0595046825	0.0553967404	0.6666666667
0.5118483412	0	0	0	0	0	0	0	0	0	0	7.322572335726917E-4	0.037430929	0.0399156222	0.0589119536	0.1063144309	0.0975750396	0.0856694676	0.0734148224	0.0716494163	0.6666666667
0.5142180095	0	0	0	0	0	0	0	0	0	0	2.5830555332191304E-4	0.0120360431	0.0118553654	0.0213121282	0.0398321035	0.0350299247	0.0277258598	0.0218228999	0.0199228812	0.6666666667
0.5165876777	0	0	0	0	0	0	0	0	0	0	4.1027713820097943E-4	0.0218175586	0.0230760049	0.0347850491	0.0574765396	0.0590036826	0.0552646225	0.0505314117	0.0466938181	0.6666666667
0.518957346	0	0	0	0	0	0	0	0	0	0	4.16904659705504E-4	0.0167240078	0.0163142912	0.0278806368	0.0505584776	0.0494736312	0.0442496747	0.0415328945	0.0381756078	0.6666666667
0.5213270142	0	0	0	0	0	0	0	0	0	0	0	9.4469261897845E-4	0.0012226454	0.0017144021	0.002840244	0.0027930218	0.0013810849	0.0025759662	0.0025832015	0.6666666667
0.5236966825	0	0	0	0	0	0	0	0	0	0	1.4979037526998237E-4	0.0057717642	0.0050771958	0.0072667654	0.0110596879	0.0108910031	0.0065701266	0.008804581	0.0096126257	0.6666666667
0.5260663507	0	0	0	0	0	0	0	0	0	0	3.7466469669881895E-4	0.0133168486	0.009637781	0.0122143447	0.0187772701	0.0188044364	0.0177524175	0.0180001748	0.0184627939	0.6666666667
0.528436019	0	0	0	0	0	0	0	0	0	0	1.9312094308120942E-4	0.0060832313	0.0044754963	0.006334017	0.0102300634	0.008381222	0.006764337	0.0076085799	0.0089306918	0.6666666667
0.5308056872	0	0	0	0	0	0	0	0	0	0	3.43498567092099E-4	0.0113310722	0.0086193526	0.0121942827	0.0187676013	0.0181434731	0.0172630742	0.0198001107	0.023215545	0.6666666667
0.5331753555	0	0	0	0	0	0	0	0	0	0	4.3288621472590817E-4	0.0179494003	0.0147968356	0.0188215603	0.0282550288	0.0284343358	0.0271369307	0.0284550488	0.0291209077	0.6666666667
0.5355450237	0	0	0	0	0	0	0	0	0	0	3.471059522148149E-4	0.0180316242	0.0156194374	0.0188819038	0.0286846645	0.030558846	0.0290388476	0.0303461204	0.0308318907	0.6666666667
0.5379146919	0	0	0	0	0	0	0	0	0	0	3.7684590630790297E-4	0.01405117	0.0143713724	0.019799021	0.0306785999	0.0302003278	0.0277977401	0.0270674771	0.026672321	0.6666666667
0.5402843602	0	0	0	0	0	0	0	0	0	0	0	0	0	0.0038924795	0.0073832008	0.0093087375	0.0035408693	0.0105432567	0.0113629696	0.6666666667
0.5426540284	0	0	0	0	0	0	0	0	0	0	0	0	0.0027066541	0.0032640573	0.0046769168	0.0053594664	0.0027327652	0.0030510385	0.006752839	0.6666666667
0.5450236967	0	0	0	0	0	0	0	0	0	0	0	0	0.0088555639	0.0149047005	0.0244146297	0.0298221173	0.0323281245	0.0340196717	0.0336813867	0.6666666667
0.5473933649	0	0	0	0	0	0	0	0	0	0	0	0	0.0091653774	0.0147532908	0.0227758468	0.0276341399	0.0293005662	0.0324643075	0.0342001	0.6666666667
0.5497630332	0	0	0	0	0	0	0	0	0	0	0	4.4752677702773573E-4	0.0159310284	0.0228054434	0.0354623308	0.0448275553	0.0466779737	0.0442484295	0.0408954487	0.6666666667
0.5521327014	0	0	0	0	0	0	0	0	0	0	0	1.9387837258285555E-4	0.0111375766	0.0170909197	0.02789158	0.0284631939	0.0284824039	0.0336279451	0.0381632924	0.6666666667
0.5545023697	0	0	0	0	0	0	0	0	0	0	0	1.9275567967668155E-4	0.0150124054	0.0219803821	0.0343287953	0.0368268288	0.0366437741	0.0346412464	0.0333005945	0.6666666667
0.5568720379	0	0	0	0	0	0	0	0	0	0	0	3.318626769083347E-4	0.0163990933	0.0214574204	0.03247492	0.0338068705	0.0350544334	0.0348897539	0.033799358	0.6666666667
0.5592417062	0	0	0	0	0	0	0	0	0	0	0	3.96096749611575E-4	0.018855756	0.0251854904	0.0374888107	0.0389429435	0.0400942549	0.0441518489	0.0429182912	0.6666666667
0.5616113744	0	0	0	0	0	0	0	0	0	0	0	3.975669427029933E-4	0.0199484746	0.0291104469	0.0495974552	0.0513290731	0.0500452021	0.0466135742	0.0479153995	0.6666666667
0.5639810427	0	0	0	0	0	0	0	0	0	0	0	2.9866304382576106E-4	0.0147896493	0.0195694099	0.0295066943	0.0305059309	0.0291823363	0.0275017433	0.0261840525	0.6666666667
0.5663507109	0	0	0	0	0	0	0	0.0214957837	0.0218732451	0.024890622	0.0241745558	0.0303515483	0.017454944	0.021374316	0.0277117467	0.0291897811	0.020133846	0.0284438939	0.0292995086	0.6666666667
0.5687203791	0	0	0	0	0	0	0	0.0463132309	0.0396408828	0.034469759	0.0274949022	0.0458767606	0.0238115493	0.0228583423	0.0256112106	0.0137508555	0.0169887148	0.0334185103	0.0372050521	0.6666666667
0.5710900474	0	0	0	0	0	0	0	0.0355290393	0.0311897579	0.0347968747	0.0382980139	0.0264583433	0.019699974	0.0251795302	0.0391018814	0.0439162917	0.0535058545	0.0505742163	0.0477094188	0.6666666667
0.5734597156	0	0	0	0	0	0	0	0.0066133679	0.0074982104	0.0082494846	0.0088277328	0.0062900741	0.0041387724	0.0051977021	0.0068732562	0.0083897972	0.0071279068	0.0088640466	0.0094712867	0.6666666667
0.5758293839	0	0	0	0	0	0	0	0.013383242	0.014363653	0.0159272371	0.0145935926	0.0104619475	0.0080888853	0.0104671731	0.0156567228	0.015746711	0.0165240867	0.0184104182	0.0208275878	0.6666666667
0.5781990521	0	0	0	0	0	0	0	0.0484081536	0.0438437053	0.0436643724	0.0406051464	0.0264878274	0.0197241513	0.0244272274	0.0331139749	0.0339700574	0.0468986891	0.0517064693	0.0550013295	0.6666666667
0.5805687204	0	0	0	0	0	0	0	0.0225403389	0.0225046021	0.0245240964	0.0249534154	0.016405457	0.0115447492	0.0135445098	0.0180245383	0.0188043337	0.0185973791	0.0221584034	0.0244970315	0.6666666667
0.5829383886	0	0	0	0	0	0	0	0.0268736925	0.0267671551	0.0294245358	0.0286736362	0.0201564809	0.015064831	0.0179327144	0.0240609413	0.0257902772	0.0293273882	0.0360143595	0.0391705157	0.6666666667
0.5853080569	0	0	0	0	0	0	0	0.024827962	0.0228714513	0.02230495	0.0208798807	0.0138984036	0.0096456935	0.0118126547	0.0159893352	0.0154845747	0.0137384023	0.0150763266	0.0146964617	0.6666666667
0.5876777251	0	0	0	0	0	0	0	0.0438520349	0.0412408158	0.039965603	0.0376562349	0.0261582368	0.0206627468	0.0248334381	0.0334141953	0.0310996271	0.0457799797	0.0455563671	0.0426950912	0.6666666667
0.5900473934	0	0	0	0	0	0	0	0.046396398	0.0411974994	0.038675582	0.0350181038	0.0227387281	0.0156120791	0.0172505386	0.0225547458	0.0221222185	0.0225103359	0.026086682	0.0253599624	0.6666666667
0.5924170616	0	0	0	0	0	0	0	0.026245818	0.0235462188	0.0213073782	0.0199224974	0.0121284782	0.0087331866	0.0096538071	0.0128672934	0.0124529859	0.0125028224	0.0147711269	0.0157688654	0.6666666667
0.5947867299	0	0	0	0	0	0	0	0.0210255779	0.0199531185	0.0218889072	0.0220844117	0.0160121403	0.0122999794	0.0160898434	0.0224356702	0.0366013044	0.0628086331	0.0653237064	0.0650586462	0.6666666667
0.5971563981	0	0	0	0	0	0	0	0.020545016	0.0174727944	0.0173459056	0.0175474957	0.0128120913	0.0101009723	0.0107405742	0.0170542742	0.0130495833	0.0118073754	0.0152570075	0.0176670496	0.6666666667
0.5995260664	0	0	0	0	0	0	0	0	0	0	0	0	0	0	0	0	0.0233764108	0.0298060153	0.0302195954	0.6666666667
0.6018957346	0	0	0	0	0	0	0	0.0419021526	0.0382719237	0.0353464413	0.0314024553	0.0209571214	0.0162929425	0.0205371769	0.0271531532	0.0259664297	0.0141601922	0.0137359645	0.0132925087	0.6666666667
0.6042654028	0	0	0	0	0	0	0	0	0	0	0	0	0	0	0	0	0	0	0	0.6666666667
0.6066350711	0	0	0	0	0	0	0	0	0	0	0	0	0	0	0.0011978314	0.0025828763	0.0024711826	0.0053390982	0.0062013404	0.6666666667
0.6090047393	0	0	0	0	0	0	0	0	0	0	0	0	0	0	6.714468493117594E-4	0.0018932347	5.288514219284476E-4	7.042677750273234E-4	0.0019079361	0.6666666667
0.6113744076	0	0	0	0	0	0	0	0	0	0	0	0	0	0	4.1380573292507675E-4	0.0025858032	7.289065475249402E-4	0.0018004253	0.0047544415	0.6666666667
0.6137440758	0	0	0	0	0	0	0	0	0	0	0	0	0	0	0.0012184195	0.0032755476	0.0046146109	0.0039748355	0.0044153321	0.6666666667
0.6161137441	0	0	0	0	0	0	0	0	0	0	0	0	0	0	6.480526577326679E-4	0.0028154869	0.0024043314	0.0031438057	0.0035668899	0.6666666667
0.6184834123	0	0	0	0	0	0	0	0	0	0	0	0	0	0	0.0017941545	0.0067546679	0.0067937869	0.0081423225	0.0081055987	0.6666666667
0.6208530806	0	0	0	0	0	0	0	0	0	0	0	0	0	0	0.0013625973	0.0050629264	0.0044208536	0.0048724277	0.0040152217	0.6666666667
0.6232227488	0	0	0	0	0	0	0	0	0	0	0	0	0	0	0.0037491403	0.0123830487	0.0116864498	0.0125177963	0.0125053648	0.6666666667
0.6255924171	0	0	0	0	0	0	0	0	0	0	0	0	0	0	0.0050463437	0.0180124564	0.0194468262	0.0210580857	0.0219042638	0.6666666667
0.6279620853	0	0	0	0	0	0	0	0	0	0	0	0	0	0	0.0084340178	0.031849424	0.0346430416	0.0347095421	0.0350568639	0.6666666667
0.6303317536	0	0	0	0	0	0	0	0	0	0	0	0	0	0	0	0	0	0	0	0.6666666667
0.6327014218	0	0	0	0	0	0	0	0	0	0	0	0	0	0	0	0	0	0	0	0.6666666667
0.63507109	0	0	0	0	0	0	0	0	0	0	0	0	0	0	0	0	0	0	0	0.6666666667
0.6374407583	0	0	0	0	0	0	0	0	0	0	0	0	0	0	0	0	0	0	0	0.6666666667
0.6398104265	0	0	0	0	0	0	0	0	0	0	0	0	0	0	0	0	0	0	0	0.6666666667
0.6421800948	0	0	0	0	0	0	0	0	0	0	0	0	0	0	0	0	0	0	0	0.6666666667
0.644549763	0	0	0	0	0	0	0	0	0	0	0	0	0	0	0	0	0	0	0	0.6666666667
0.6469194313	0	0	0	0	0	0	0	0	0	0	0	0	0	0	0	0	0	0	0	0.6666666667
0.6492890995	0	0	0	0	0	0	0	0	0	0	0	0	0	0	0	0	0	0	0	1
0.6516587678	0	0	0	0	0	0	0	0	0	0	0	0	0	0	0	0	0	0	0	1
0.654028436	0	0	0	0	0	0	0	0	0	0	0	0	0	0	0	0	0	0	0	1
0.6563981043	0	0	0	0	0	0	0	0	0	0	0	0	0	0	0	0	0	0	0	1
0.6587677725	0	0	0	0	0	0	0	0	0	0	0	0	0	0	0	0	0	0	0	1
0.6611374408	0	0	0	0	0	0	0	0	0	0	0	0	0	0	0	0	0	0	0	1
0.663507109	0	0	0	0	0	0	0	0	0	0	0	0	0	0	0	0	0	0	0	1
0.6658767773	0	0	0	0	0	0	0	0	0	0	0	0	0	0	0	0	0	0	0	1
0.6682464455	0	0	0	0	0	0	0	0	0	0	0	0	0	0	0	0	0	0	0	1
0.6706161137	0	0	0	0	0	0	0	0	0	0	0	0	0	0	0	0	0	0	0	1
0.672985782	0	0	0	0	0	0	0	0	0	0	0	0	0	0	0	0	0	0	0	1
0.6753554502	0	0	0	0	0	0	0	0	0	0	0	0	0	0	0	0	0	0	0	1
0.6777251185	0	0	0	0	0	0	0	0	0	0	0	0	0	0	0	0	0	0	0	1
0.6800947867	0	0	0	0	0	0	0	0	0	0	0	0	0	0	0	0	0	0	0	1
0.682464455	0	0	0	0	0	0	0	0	0	0	0	0.0109181885	0.012324386	0.0154319805	0.0206262043	0.0196929525	0.0205355873	0.0263280316	0.032321717	1
0.6848341232	0	0	0	0	0	0	0	0	0	0	0	0.0031666088	0.0044500767	0.005233058	0.0084462792	0.0106442972	0.012479557	0.0168250561	0.0217249571	1
0.6872037915	0	0	0	0	0	0	0	0	0	0	0	0.0036658864	0.0045219014	0.0055642386	0.0080088658	0.0076438772	0.0078186871	0.0093926094	0.0113322461	1
0.6895734597	0	0	0	0	0	0	0	0	0	0	0	0.0069181139	0.0073205057	0.0089746226	0.012159581	0.0112639503	0.0124023531	0.0184820991	0.0195657539	1
0.691943128	0	0	0	0	0	0	0	0	0	0	0	0.0047692262	0.0056099757	0.006410464	0.0093452933	0.009162239	0.0094418725	0.0114547772	0.0125475305	1
0.6943127962	0	0	0	0	0	0	0	0	0	0	0	0.0019006389	0.0023142364	0.0025951288	0.00362003	0.0036173773	0.0035477333	0.0045329884	0.0050428591	1
0.6966824645	0	0	0	0	0	0	0	0	0	0	0	0	0	0	0	0	0	0	0	0.6666666667
0.6990521327	0	0	0	0	0	0	0	0	0	0	0	0	0	0	0	0	0	0	0	0.6666666667
0.7014218009	0	0	0	0	0	0	0	0	0	0	0	0	0	0	0	0	0	0	0	0.6666666667
0.7037914692	0	0	0	0	0	0	0	0	0	0	0	0	0	0	0	0	0	0	0	0.6666666667
0.7061611374	0	0	0	0	0	0	0	0	0	0	0	0	0	0	0	0	0	0	0	0.6666666667
0.7085308057	0	0	0	0	0	0	0	0	0	0	0	0	0	0	0	0	0	0	0	0.6666666667
0.7109004739	0	0	0	0	0	0	0	0	0	0	0	0	0	0	0	0	0	0	0	0.6666666667
0.7132701422	0	0	0	0	0	0	0	0	0	0	0	0	0	0	0	0	0	0	0	0.6666666667
0.7156398104	0	0	0	0	0	0	0	0	0	0	0	0	0	0	0	0	0	0	0	0.6666666667
0.7180094787	0	0	0	0	0	0	0	0	0	0	0	0	0	0	0	0	0	0	0	0.6666666667
0.7203791469	0	0	0	0	0	0	0	0	0	0	0	0	0	0	0	0	0	0	0	0.6666666667
0.7227488152	0	0	0	0	0	0	0	0	0	0	0	0	0	0	0	0	0	0	0	0.6666666667
0.7251184834	0	0	0	0	0	0	0	0	0	0	0	0	0	0	0	0	0	0	0	0.6666666667
0.7274881517	0	0	0	0	0	0	0	0	0	0	0	0	0	0	0	0	0	0	0	0.6666666667
0.7298578199	0	0	0	0	0	0	0	0	0	0	0	0	0	0	0	0	0	0	0	0.6666666667
0.7322274882	0	0	0	0	0	0	0	0	0	0	0	0	0	0	0	0	0	0	0	0.6666666667
0.7345971564	0	0	0	0	0	0	0	0	0	0	0	0	0	0	0	0	0	0	0	0.6666666667
0.7369668246	0	0	0	0	0	0	0	0	0	0	0	0	0	0	0	0	0	0	0	0.6666666667
0.7393364929	0	0	0	0	0	0	0	0	0	0	0	0	0	0	0	0	0	0	0	0.6666666667
0.7417061611	0	0	0	0	0	0	0	0	0	0	0	0	0	0	0	0	0	0	0	0.6666666667
0.7440758294	0	0	0	0	0	0	0	0	0	0	0	0	0	0	0	0	0	0	0	0.6666666667
0.7464454976	0	0	0	0	0	0	0	0	0	0	0	0	0	0	0	0	0	0	0	0.6666666667
0.7488151659	0	0	0	0	0	0	0	0	0	0	0	0	0	0	0	0	0	0	0	1
0.7511848341	0	0	0	0	0	0	0	0	0	0	0	0	0	0	0	0	0	0	0	1
0.7535545024	0	0	0	0	0	0	0	0	0	0	0	0	0	0	0	0	0	0	0	1
0.7559241706	0	0	0	0	0	0	0	0	0	0	0	0	0	0	0	0	0	0	0	1
0.7582938389	0	0	0	0	0	0	0	0	0	0	0	0	0	0	0	0	0	0	0	1
0.7606635071	0	0	0	0	0	0	0	0	0	0	0	0	0	0	0	0	0	0	0	1
0.7630331754	0	0	0	0	0	0	0	0	0	0	0	0	0	0	0	0	0	0	0	1
0.7654028436	0	0	0	0	0	0	0	0	0	0	0	0	0	0	0	0	0	0	0	1
0.7677725118	0	0	0	0	0	0	0	0	0	0	0	0	0	0	0	0	0	0	0	1
0.7701421801	0	0	0	0	0	0	0	0	0	0	0	0	0	0	0	0	0	0	0	1
0.7725118483	0	0	0	0	0	0	0	0	0	0	0	0	0	0	0	0	0	0	0	1
0.7748815166	0	0	0	0	0	0	0	0	0	0	0	0	0	0	0	0	0	0	0	1
0.7772511848	0	0	0	0	0	0	0	0	0	0	0	0	0	0	0	0	0	0	0	1
0.7796208531	0	0	0	0	0	0	0	0	0	0	0	0	0	0	0	0	0	0	0	1
0.7819905213	0	0	0	0	0	0	0	0	0	0	0	0	0	0	0	0	0	0	0	1
0.7843601896	0	0	0	0	0	0	0	0	0	0	0	0	0	0	0	0	0	0	0	1
0.7867298578	0	0	0	0	0	0	0	0	0	0	0	0	0	0	0	0	0	0	0	1
0.7890995261	0	0	0	0	0	0	0	0	0	0	0	0	0	0	0	0	0	0	0	1
0.7914691943	0	0	0	0	0	0	0	0	0	0	0	0	0	0	0	0	0	0	0	1
0.7938388626	0	0	0	0	0	0	0	0	0	0	0	0	0	0	0	0	0	0	0	1
0.7962085308	0	0	0	0	0	0	0	0	0	0	0	0	0	0	0	0	0	0	0	1
0.7985781991	0	0	0	0	0	0	0	0	0	0	0	0	0	0	0	0	0	0	0	1
0.8009478673	0	0	0	0	0	0	0	0	0	0	0	0	0	0	0.011806594	0.0133609118	0.0144297263	0.0144028113	0.015170966	1
0.8033175355	0	0	0	0	0	0	0	0	0	0	0	0	0.0014952278	0.0182705748	0.0255538689	0.0263079	0.025590904	0.0258651135	0.0244097465	1
0.8056872038	0	0	0	0	0	0	0	0	0	0	0	0	0.0011141437	0.0143425144	0.0243826038	0.0248170868	0.0229788831	0.0226548678	0.021619617	1
0.808056872	0	0	0	0	0	0	0	0	0	0	0	0	0.0015890892	0.0187480371	0.0285457634	0.0285281759	0.0264692798	0.0261170062	0.0261420353	1
0.8104265403	0	0	0	0	0	0	0	0	0	0	0	0	0.0019168303	0.0237753471	0.0366632733	0.0367514743	0.0344101386	0.035689134	0.0333109595	1
0.8127962085	0	0	0	0	0	0	0	0	0	0	0	0	9.715454142962794E-4	0.0112364342	0.0187181288	0.0186109537	0.0180398481	0.018373711	0.0190481365	1
0.8151658768	0	0	0	0	0	0	0	0.0258099042	0.0222867971	0.0212910202	0.0201188482	0.0133797996	0.0095652299	0.0063162715	0.0096090346	0.009545302	0.0091535131	0.0089291202	0.0086633014	0.6666666667
0.817535545	0	0	0	0	0	0	0	0.047627313	0.040098974	0.038746511	0.0358405037	0.0227445821	0.0166713699	0.0192829865	0.0280330127	0.0265888813	0.0259129721	0.0281507872	0.0284726137	0.6666666667
0.8199052133	0	0	0	0	0	0	0	0.0481908307	0.0425506558	0.0407714006	0.0372998588	0.0245707223	0.0173261449	0.0197560181	0.0275856255	0.0263541654	0.0252448682	0.0274433177	0.026663312	0.6666666667
0.8222748815	0	0	0	0	0	0	0	0.037608956	0.0325803047	0.031424024	0.0286729231	0.019343678	0.014418198	0.0169357765	0.0250557892	0.0237038422	0.0233644044	0.0258088699	0.0237910056	0.6666666667
0.8246445498	0	0	0	0	0	0	0	0.0277804461	0.0241800214	0.0237930845	0.0232287078	0.0151991502	0.0111890274	0.0130896735	0.0191503571	0.0188190195	0.0184438321	0.0206766779	0.0201104725	0.6666666667
0.827014218	0	0	0	0	0	0	0	0.0141597499	0.0114834161	0.0113417224	0.0107403181	0.006911351	0.0050770238	0.0070830586	0.0125723802	0.0108033248	0.0109156338	0.0112179956	0.01152554	0.6666666667
0.8293838863	0	0	0	0	0	0	0	0.0931833219	0.0807700448	0.0800192466	0.0737639368	0.0499944774	0.0393103677	0.0512136076	0.0794504262	0.073115752	0.0673699398	0.0638908626	0.0586798194	0.6666666667
0.8317535545	0	0	0	0	0	0	0	0.1358841215	0.1207655015	0.1226572322	0.1144950481	0.07459586	0.0549286583	0.0668837457	0.0993752927	0.09951151	0.0922760213	0.085809609	0.079102913	0.6666666667
0.8341232227	0	0	0	0	0	0	0	0.1404241246	0.1225631569	0.1218543604	0.1112559099	0.0754033969	0.0545554869	0.066159984	0.09975631	0.1018034434	0.094612754	0.0932688111	0.0885293963	0.6666666667
0.836492891	0	0	0	0	0	0	0	0.0399133815	0.0351107179	0.0426978319	0.0398444496	0.0259443638	0.0216830481	0.0259740712	0.0398960639	0.0413279467	0.0398118535	0.0403066305	0.0401050726	0.6666666667
0.8388625592	0	0	0	0	0	0	0	0.0953828111	0.0847172486	0.0902812082	0.0820124746	0.0523494862	0.0420840684	0.0563167124	0.0908381514	0.0961600174	0.0897383274	0.0842811837	0.0786072887	0.6666666667
0.8412322275	0	0	0	0	0	0	0	0.0819726217	0.0718973725	0.0893729182	0.0899517839	0.0609629733	0.0486756236	0.0610776384	0.0932440625	0.1080034146	0.1095293317	0.1135066752	0.1092780951	0.6666666667
0.8436018957	0	0	0	0	0	0	0	0.0498553876	0.0420626052	0.0530582961	0.0522758343	0.0409111968	0.0330974692	0.0447672029	0.0712874089	0.0818542341	0.0789208975	0.0817226127	0.0789881552	0.6666666667
0.845971564	0	0	0	0	0	0	0	0.0198154811	0.0175659176	0.0266486412	0.0269511518	0.0200751124	0.0219520947	0.0303232538	0.05241522	0.0692179839	0.0726617841	0.0739102672	0.0715098235	0.6666666667
0.8483412322	0	0	0	0	0	0	0	0.0502641955	0.0459735944	0.0648447433	0.0647518918	0.0449860374	0.0435517551	0.048698232	0.0733861759	0.0979733788	0.1026053992	0.1012271287	0.0987149749	0.6666666667
0.8507109005	0	0	0	0	0	0	0	0.0258360061	0.0214004799	0.0197030531	0.0187451476	0.0125257778	0.0091643071	0.0105200271	0.0145333441	0.0223650732	0.0284332227	0.029184461	0.0284862293	1
0.8530805687	0	0	0	0	0	0	0	0.0344362958	0.0395974253	0.0438398773	0.0465360231	0.032223211	0.0265569635	0.0298303177	0.0429813216	0.069604744	0.0726883569	0.0646811475	0.0626671039	1
0.855450237	0	0	0	0	0	0	0	0.0822551995	0.0829762197	0.0845072783	0.0777420856	0.0517772068	0.0366003689	0.0410582503	0.056608423	0.0640511016	0.0615350401	0.0544969888	0.0498921383	1
0.8578199052	0	0	0	0	0	0	0	0.0973049534	0.0834646936	0.0787480218	0.0670008028	0.0361995487	0.0259186635	0.0337642032	0.0464209083	0.0463816304	0.0432381175	0.0379400175	0.034440222	1
0.8601895735	0	0	0	0	0	0	0	0.0960841304	0.08428954	0.0803203845	0.0718885999	0.0475511502	0.0354737065	0.0404514195	0.05838629	0.0612380794	0.05778553	0.0527684688	0.0502636057	0.6666666667
0.8625592417	0	0	0	0	0	0	0	0.0497703712	0.0426189932	0.0410595496	0.0380938611	0.0263800221	0.0194164784	0.0246374062	0.0321674099	0.0324938016	0.0292958769	0.0275152638	0.0270840038	0.6666666667
0.86492891	0	0	0	0	0	0	0	0.0142404336	0.0145994712	0.0141115437	0.0133070565	0.008706831	0.0067435186	0.0103043155	0.0171462039	0.0186468209	0.0203741568	0.0204358584	0.021633697	0.6666666667
0.8672985782	0	0	0	0	0	0	0	0.0010179249	0.0010194176	9.246480137910777E-4	9.62500686346966E-4	6.402289951374567E-4	4.0006272720574665E-4	4.144199241116286E-4	6.239264445135527E-4	3.885059243687414E-4	4.7346304212056347E-4	7.141379242415473E-4	7.654666418130093E-4	0.6666666667
0.8696682464	0	0	0	0	0	0	0	0.0254775529	0.0261462863	0.0334916926	0.0372517464	0.0288435311	0.0263731969	0.0355891713	0.0548078632	0.073983061	0.0641093652	0.0552418384	0.050657382	0.6666666667
0.8720379147	0	0	0	0	0	0	0	0.0508989389	0.0586890595	0.0694727268	0.0767189305	0.0641309453	0.0526929934	0.0636641532	0.0943853452	0.0927362255	0.0717953467	0.063383957	0.0597346881	0.6666666667
0.8744075829	0	0	0	0	0	0	0	0.1155282658	0.1021682672	0.1043350778	0.0972211683	0.0623829125	0.0471327102	0.0556891673	0.101144406	0.1044063458	0.0931842775	0.0856001946	0.0808167194	0.6666666667
0.8767772512	0	0	0	0	0	0	0	0	0	0	0	0	0	0	0	0.0661890652	0.0603404634	0.0624757809	0.0584433382	0.6666666667
0.8791469194	0	0	0	0	0	0	0	0	0	0	0	0	0	0	0	0	0	0	0	0.6666666667
0.8815165877	0	0	0	0	0	0	0	0	0	0	0	0	0	0	0	0	0	0	0	0.6666666667
0.8838862559	0	0	0	0	0	0	0	0	0	0	0	0	0	0	0	0	0	0	0	0.6666666667
0.8862559242	0	0	0	0	0	0	0	0	0	0	0	0	0	0	0	0	0	0	0	0.6666666667
0.8886255924	0	0	0	0	0	0	0	0	0	0	0	0	0	0	0	0	0	0	0	0.6666666667
0.8909952607	0	0	0	0	0	0	0	0	0	0	0	0	0	0	0	0	0	0	0	0.6666666667
0.8933649289	0	0	0	0	0	0	0	0	0	0	0	0	0	0	0	0	0	0	0	0.6666666667
0.8957345972	0	0	0	0	0	0	0	0	0	0	0	0	0	0	0	0	0	0	0	0.6666666667
0.8981042654	0	0	0	0	0	0	0	0	0	0	0	0	0	0	0	0	0	0	0	0.6666666667
0.9004739336	0	0	0	0	0	0	0	0	0	0	0	0	0	0	0	0	0	0	0	0.6666666667
0.9028436019	0	0	0	0	0	0	0	0	0	0	0	0	0	0	0	0	0	0	0	1
0.9052132701	0	0	0	0	0	0	0	0	0	0	0	0	0	0	0	0	0	0	0	1
0.9075829384	0	0	0	0	0	0	0	0	0	0	0	0	0	0	0	0	0	0	0	1
0.9099526066	0	0	0	0	0	0	0	0	0	0	0	0	0.0050934797	0.0380031122	0.0621272866	0.0694031995	0.0763521453	0.0719460463	0.0809425109	1
0.9123222749	0	0	0	0	0	0	0	0	0	0	0	0	0.0022827963	0.0164625425	0.0272037542	0.0293048283	0.0294226698	0.0282910289	0.0347359954	1
0.9146919431	0	0	0	0	0	0	0	0	0	0	0	0	0.0013394036	0.0106994381	0.0183828934	0.0187166811	0.0180958028	0.0156625401	0.0150822321	1
0.9170616114	0	0	0	0	0	0	0	0	0	0	0	0	0.0015347333	0.0122238809	0.0195632783	0.0206129967	0.0215142512	0.0228530661	0.024707396	1
0.9194312796	0	0	0	0	0	0	0	0	0	0	0	0	9.969076940116446E-4	0.008909601	0.0125316005	0.0142914313	0.0134241497	0.0126949696	0.0134670601	1
0.9218009479	0	0	0	0	0	0	0	0	0	0	0	0	0.0018623214	0.0167648221	0.0258708648	0.0269058068	0.0290466178	0.027332564	0.0299926619	1
0.9241706161	0	0	0	0	0	0	0	0	0	0	0	0	5.240645891449252E-4	0.0035508856	0.0074922415	0.0085902891	0.0085525775	0.0075237456	0.0067874261	1
0.9265402844	0	0	0	0	0	0	0	0	0	0	0	0	8.248952468087151E-4	0.0067464127	0.0095016409	0.0081788559	0.0085223348	0.0074066905	0.0088856655	1
0.9289099526	0	0	0	0	0	0	0	0	0	0	0	0	8.122810006805004E-5	9.84995146883142E-4	0.0014580956	0.0016655022	0.0019994186	0.0032644907	0.0047567448	1
0.9312796209	0	0	0	0	0	0	0	0	0	0	0	0	5.706990748310527E-4	0.0079150472	0.0137583467	0.0154193103	0.0137893279	0.0139786396	0.0211958789	1
0.9336492891	0	0	0	0	0	0	0	0	0	0	0	0	0.0092007547	0.0183203025	0.029835982	0.0320093759	0.0317016355	0.0303180802	0.0315394584	1
0.9360189573	0	0	0	0	0	0	0	0	0	0	0	0.002669336	0.0076629634	0.0095420491	0.0198338213	0.0158978822	0.0156487464	0.0135078294	0.0169715373	1
0.9383886256	0	0	0	0	0	0	0	0	0	0	0.0012000847	0.0626202818	0.0493554359	0.0567929377	0.0951262121	0.1127879015	0.1197499037	0.1097605457	0.1092435266	1
0.9407582938	0	0	0	0	0	0	0	0	0	0	0	0	0.0038301438	0.0159911303	0.0301318408	0.0255948689	0.0281608568	0.0229725684	0.0274815323	1
0.9431279621	0	0	0	0	0	0	0	0	0	0	0	0	0.0065708755	0.0245872062	0.0406973531	0.0423166445	0.038518144	0.03332195	0.03017912	1
0.9454976303	0	0	0	0	0	0	0	0	0	0	0	0	0.0081056088	0.0278394107	0.0490942513	0.0509843421	0.04586475	0.0405940476	0.0406441815	1
0.9478672986	0	0	0	0	0	0	0	0	0	0	0	0	0.0085213055	0.0299681878	0.0489935983	0.0501627594	0.0451556881	0.0379205423	0.0384854798	1
0.9502369668	0	0	0	0	0	0	0	0	0	0	0	0	0.0035539683	0.0124679087	0.0205472374	0.0233160038	0.0241987187	0.0189307015	0.0191998961	1
0.9526066351	0	0	0	0	0	0	0	0	0	0	0	0	0.0061981818	0.0150172682	0.0263588792	0.0203136325	0.0163061578	0.0163183748	0.0164152834	1
0.9549763033	0	0	0	0.3631467749	0.4700297301	0.4622653664	0.4586384964	0.4469375546	0.4205704129	0.3973653339	0.3633852423	0.2445639477	0.1788877465	0.2197576464	0.3065032864	0.3420043686	0.3875007071	0.3544246798	0.3308451813	0.6666666667
0.9573459716	0	0	0	0	0	0	0	0	0	0	0	0	0	0	0	0	0	0	0	0.6666666667
0.9597156398	0	0	0	0	0	0	0	0	0	0	0	0	0	0	0	0	0	0	0	0.6666666667
0.9620853081	0	0	0	0	0	0	0	0	0	0	4.95386259293893E-4	0.0269544934	0.0339205106	0.0587989136	0.1383111273	0.1514910712	0.1781138062	0.1947942671	0.1984054466	0.6666666667
0.9644549763	0	0	0	0.0767768046	0.7367875638	0.9019201123	0.9887229339	1	1	1	0.9790520824	0.661195793	0.4998687641	0.6237237571	0.9019435053	0.9362966846	0.6704873473	0.5027524257	0.4686044532	0.6666666667
0.9668246445	0	0	0	0	0	0	0	0.0445518748	0.0422506389	0.0411754299	0.0393160515	0.0231539373	0.0141552101	0.0135412486	0.0184942827	0.019605762	0.03779182	0.0417376593	0.0418619736	0.6666666667
0.9691943128	0	0	0	0	0	0	0	0.0026995484	0.0045055672	0.0051904946	0.0031084334	0.0027535915	0.0020223503	0.0014433626	0.001488627	0.0018237082	0.0470127053	0.04319785	0.0405538688	0.6666666667
0.971563981	0	0	0	0	0	0	0	0	0	0	0	0	0	0	0	0.0319530718	0.034508116	0.033870559	0.0332828737	0.6666666667
0.9739336493	0	0	0	0	0	0	0	0	0	0	5.288594375256056E-4	0.0251337261	0.0180447555	0.0210894669	0.0300874314	0.0301468992	0.0290639706	0.0272701415	0.0263708821	0.6666666667
0.9763033175	0	0	0	0	0	0	0	0	0	0	6.247068213093943E-4	0.029712041	0.0309599088	0.050741768	0.0864572458	0.0859561912	0.0792592764	0.0740471034	0.0687321022	0.6666666667
0.9786729858	0	0	0	0	0	0	0	0.0237988354	0.0207892997	0.020609038	0.0188082349	0.0118004113	0.0090177908	0.0091600613	0.0085014248	0.019461985	0.0233746665	0.023271793	0.0229853608	0.6666666667
0.981042654	0	0	0	0	0	0	0	0.070854705	0.066686326	0.0681800016	0.0640285272	0.0441208956	0.0335036862	0.0365608292	0.0549826029	0.0786250033	0.0793063055	0.0737561379	0.0707563564	0.6666666667
0.9834123223	0	0	0	0	0	0	0	0	0	0	0	0	0	0	0	0	0	0	0	0.6666666667
0.9857819905	0	0	0	0	0	0	0	0.2424289162	0.2283924384	0.2008469098	0.171627765	0.3511700812	0.2806620644	0.40077335	0.5999401999	0.3927446493	0.2293468342	0.2354517365	0.2270582957	0.6666666667
0.9881516588	0	0	0	0	0	0	0	0	0	0	0	0	0	0	0	0.0611796957	0.0451334875	0.0473611973	0.0498686406	0.6666666667
0.990521327	0	0	0	0	0	0	0	0	0	0	0	0	0.0292746073	0.0491721633	0.0693743008	0.0663684784	0.0946436311	0.1114856602	0.1163654368	1
0.9928909953	0	0	0	0	0	0	0	0	0	0	0	0	5.891426316700335E-4	0.0041072015	0.0066266259	0.0074592008	0.007825959	0.0097259716	0.0109596456	1
0.9952606635	0	0	0	0	0	0	0	0	0	0	0	0	0	0	0	0	0	0	0	1
0.9976303318	0	0	0	0	0	0	0	0	0	0	0	0	0	0	0	0	0	0	0	1
1	0	0	0	0	0	0	0	0	0	0	0	0	0	0	0	0	0	0	0	1
