Interest payments on external debt, total (INT, current US$)	PPG, IDA (INT, current US$)	Energy use (kt of oil equivalent)	CO2 emissions from liquid fuel consumption (% of total)	Electricity production from natural gas sources (kWh)	Electricity production from oil sources (kWh)	Total reserves (includes gold, current US$)	Share of tariff lines with international peaks, primary products (%)	Binding coverage, all products (%)	Binding coverage, primary products (%)	Income
NaN	NaN	NaN	100	NaN	NaN	90920000	NaN	NaN	NaN	3
NaN	NaN	NaN	NaN	NaN	NaN	NaN	NaN	NaN	NaN	3
NaN	NaN	NaN	63.55498721	NaN	NaN	657015502	NaN	NaN	NaN	0
NaN	NaN	5379.489	37.16940672	0	114000000	NaN	NaN	NaN	NaN	2
NaN	NaN	2903.606	35.18518519	0	1045000000	NaN	NaN	NaN	NaN	1
NaN	NaN	17700.802	37.86959818	14288000000	552000000	4768740249	NaN	NaN	NaN	3
3103461000	0	47861.397	54.56740929	21075000000	8658000000	5157480788	NaN	NaN	NaN	2
NaN	NaN	NaN	NaN	NaN	NaN	NaN	NaN	NaN	NaN	1
NaN	NaN	NaN	NaN	NaN	NaN	NaN	NaN	NaN	NaN	2
NaN	NaN	NaN	100	NaN	NaN	28030000	NaN	NaN	NaN	2
NaN	NaN	78870.865	29.58927192	14718000000	2444000000	16852983452	NaN	NaN	NaN	3
NaN	NaN	24307.62	51.42307163	5713000000	1548000000	16043319095	15.13533	NaN	NaN	3
NaN	NaN	NaN	NaN	NaN	NaN	NaN	NaN	NaN	NaN	2
18558000	2293000	NaN	92.85714286	NaN	NaN	76449593.5	NaN	NaN	NaN	0
NaN	NaN	47243.575	48.90196222	2549000000	1717000000	23145052876	15.13533	NaN	NaN	3
14953000	1829000	1619.718	82.35294118	0	20000000	8779569.386	NaN	NaN	NaN	0
175697000	27498000	11525.01	44.3421765	5075000000	791000000	1076508833	NaN	NaN	NaN	0
483095000	0	31329.913	39.28466479	8700000000	1226000000	NaN	15.13533	NaN	NaN	2
NaN	NaN	4077.183	20.37986132	3162000000	0	1313227659	NaN	NaN	NaN	3
NaN	0	NaN	NaN	NaN	NaN	NaN	NaN	NaN	NaN	2
NaN	NaN	NaN	NaN	NaN	NaN	NaN	NaN	NaN	NaN	2
5406000	0	NaN	100	NaN	NaN	51657201	NaN	NaN	NaN	1
NaN	NaN	NaN	100	NaN	NaN	NaN	NaN	NaN	NaN	3
121321000	1678000	2306.258	68.5106383	630000000	118000000	472580568	NaN	NaN	NaN	1
12632684000	0	142537.764	70.58184748	0	7042000000	8090172124	NaN	NaN	NaN	2
NaN	NaN	NaN	84.88372093	NaN	NaN	137948763	NaN	NaN	NaN	3
NaN	NaN	1365.635	28.03078897	1089000000	7000000	NaN	NaN	NaN	NaN	3
667000	119000	NaN	56.66666667	NaN	NaN	95679186.03	NaN	NaN	NaN	1
36302000	107000	1136.487	0	0	125000000	2217139651	NaN	NaN	NaN	2
10955000	1133000	NaN	100	NaN	NaN	113027568.2	NaN	NaN	NaN	0
NaN	NaN	211259.377	43.59370515	9432000000	11842000000	22421923484	NaN	NaN	NaN	3
NaN	NaN	22660.649	82.63375968	263000000	288000000	58367104657	NaN	NaN	NaN	3
NaN	NaN	NaN	NaN	NaN	NaN	NaN	NaN	NaN	NaN	3
1262014000	121000	11697.792	60.5883154	257000000	756000000	3908809901	NaN	NaN	NaN	2
2196513000	15228000	794192.201	14.49295772	2034000000	56888000000	23751516912	NaN	NaN	NaN	2
287167000	1756000	4753.59	86.73300166	0	51000000	188154481.9	NaN	NaN	NaN	1
1539582000	123000	23179.585	53.96448049	4758000000	337000000	3699868639	NaN	NaN	NaN	2
916000	306000	NaN	100	NaN	NaN	23775256.58	NaN	NaN	NaN	0
4035000	57000	NaN	100	NaN	NaN	81332707.93	NaN	NaN	NaN	1
228598000	30000	1814.07	90.52369077	0	137000000	676709064.3	NaN	NaN	NaN	2
NaN	NaN	18559.476	94.04198395	29000000	13123000000	NaN	NaN	NaN	NaN	2
NaN	NaN	NaN	100	NaN	NaN	NaN	NaN	NaN	NaN	3
NaN	NaN	1209.454	83.6589698	0	1647000000	1116203268	15.13533	NaN	NaN	3
NaN	NaN	50462.536	NaN	600000000	4406000000	NaN	15.13533	NaN	NaN	3
NaN	NaN	361752.109	NaN	33141000000	11794000000	97575995174	15.13533	NaN	NaN	3
1806000	76000	NaN	100	NaN	NaN	14063592	NaN	NaN	NaN	2
NaN	NaN	18681.716	45.27406417	640000000	1455000000	11433251483	15.13533	NaN	NaN	3
181924000	157000	4058.29	89.82102908	0	1718000000	261424871	NaN	NaN	NaN	2
1956525000	0	20899.84	32.5295942	12676000000	1107000000	3190542206	NaN	NaN	NaN	2
372232000	251000	6169.544	84.67091295	0	815000000	567569796.3	NaN	NaN	NaN	2
1225202000	6279000	28850.712	74.50922509	13469000000	17111000000	2261158624	NaN	NaN	NaN	1
NaN	NaN	NaN	NaN	NaN	NaN	NaN	NaN	NaN	NaN	0
NaN	NaN	80062.021	59.16752539	1365000000	6937000000	42835081159	15.13533	NaN	NaN	3
NaN	NaN	NaN	NaN	NaN	NaN	NaN	15.13533	NaN	NaN	3
95852000	6159000	13780.759	92.45541838	0	165000000	149969164	NaN	NaN	NaN	0
NaN	NaN	27652.988	54.75636415	2632000000	1615000000	7171278181	15.13533	NaN	NaN	3
NaN	NaN	211234.289	62.76822132	2414000000	5630000000	58944498069	15.13533	NaN	NaN	3
NaN	NaN	NaN	100	NaN	NaN	NaN	NaN	NaN	NaN	3
100456000	0	1440.588	38.91708968	0	201000000	72604267.81	NaN	NaN	NaN	2
NaN	NaN	207404.534	36.1657678	4778000000	28393000000	51899606956	15.13533	NaN	NaN	3
NaN	NaN	NaN	NaN	NaN	NaN	NaN	NaN	NaN	NaN	1
125350000	6807000	4799.568	92.87991498	0	0	310347218	NaN	NaN	NaN	1
35034000	2143000	NaN	100	NaN	NaN	NaN	NaN	NaN	NaN	0
8163000	658000	NaN	100	NaN	NaN	19049157	NaN	NaN	NaN	0
5853000	713000	NaN	100	NaN	NaN	15967618.61	NaN	NaN	NaN	0
NaN	NaN	NaN	100	NaN	NaN	5503322.545	NaN	NaN	NaN	3
NaN	NaN	19099.406	47.20888841	94000000	6315000000	5012214445	15.13533	NaN	NaN	3
2798000	38000	NaN	100	NaN	NaN	16923333.33	NaN	NaN	NaN	2
NaN	NaN	NaN	100	NaN	NaN	NaN	NaN	NaN	NaN	3
125185000	0	4018.632	89.77777778	0	259000000	415722234	NaN	NaN	NaN	1
NaN	NaN	NaN	NaN	NaN	NaN	NaN	NaN	NaN	NaN	3
54633000	269000	NaN	100	NaN	NaN	4040000	NaN	NaN	NaN	1
NaN	NaN	9227.463	32.5	0	450000000	NaN	0	NaN	NaN	3
157963000	599000	2268.143	88.87262079	0	54000000	56564000	NaN	NaN	NaN	1
NaN	NaN	NaN	NaN	NaN	NaN	NaN	NaN	NaN	NaN	3
17989000	2260000	1562.012	79.92831541	0	127000000	20357776.25	NaN	NaN	NaN	0
NaN	NaN	30353.365	31.15775664	4580000000	1809000000	2120757019	15.13533	NaN	NaN	3
3344970000	6489000	77046.931	66.06642435	661000000	11390000000	6321736080	NaN	NaN	NaN	1
NaN	NaN	NaN	NaN	NaN	NaN	NaN	NaN	NaN	NaN	3
2806414000	98761000	289412.617	22.05589728	3604000000	9325000000	9185841796	NaN	NaN	NaN	1
NaN	NaN	9141.878	36.05208205	3528000000	970000000	5234204017	15.13533	NaN	NaN	3
290756000	0	55463.806	68.18588397	18773000000	21516000000	NaN	NaN	NaN	NaN	2
NaN	NaN	18467.475	74.94601598	0	20850000000	8444802914	NaN	NaN	NaN	1
NaN	NaN	1968.569	84.77842004	0	7000000	310844207	NaN	NaN	NaN	3
NaN	NaN	10890.655	67.17510677	0	10303000000	4433201785	NaN	NaN	NaN	3
NaN	NaN	139466.428	63.54356784	32420000000	89702000000	62067055633	15.13533	NaN	NaN	3
251138000	0	1834.95	95.951417	0	1641000000	147200000	NaN	NaN	NaN	2
403958000	629000	2935.813	90.19685039	0	3236000000	414369578	NaN	NaN	NaN	2
NaN	NaN	397589.944	61.65066592	1.40486E+11	2.10877E+11	1.06668E+11	19.63004	NaN	NaN	3
NaN	NaN	NaN	NaN	NaN	NaN	NaN	NaN	NaN	NaN	2
312983000	5227000	10332.923	80.78101072	0	126000000	296453999.5	NaN	NaN	NaN	0
NaN	NaN	NaN	NaN	NaN	NaN	NaN	NaN	NaN	NaN	0
47000	0	NaN	100	NaN	NaN	NaN	NaN	NaN	NaN	0
NaN	NaN	NaN	100	NaN	NaN	NaN	NaN	NaN	NaN	1
NaN	NaN	74155.8	46.18773692	10432000000	11523000000	12477906398	56.80887	NaN	NaN	3
NaN	NaN	NaN	NaN	NaN	NaN	NaN	NaN	NaN	NaN	1
NaN	NaN	20175.37	49.93315508	6095000000	13504000000	2965165663	NaN	NaN	NaN	3
2078000	451000	NaN	100	NaN	NaN	640883.9779	NaN	NaN	NaN	1
60542000	0	1979.466	94.1091954	0	3400000000	4761143885	NaN	NaN	NaN	2
12310000	138000	NaN	93.72197309	NaN	NaN	380371	NaN	NaN	NaN	0
NaN	NaN	10425.873	59.67156962	0	8047000000	5798484395	NaN	NaN	NaN	2
2232000	0	NaN	100	NaN	NaN	32650000	NaN	NaN	NaN	2
NaN	NaN	NaN	NaN	NaN	NaN	NaN	NaN	NaN	NaN	3
169526000	6298000	5437.501	94.13680782	0	202000000	247726248.3	NaN	NaN	NaN	1
7555000	759000	NaN	NaN	NaN	NaN	56281282	NaN	NaN	NaN	1
NaN	NaN	NaN	NaN	NaN	NaN	NaN	15.13533	NaN	NaN	2
NaN	NaN	3046.767	41.19096509	19000000	57000000	217220985.5	15.13533	NaN	NaN	3
NaN	NaN	NaN	NaN	NaN	NaN	NaN	15.13533	NaN	NaN	2
NaN	NaN	NaN	100	NaN	NaN	221365693.5	NaN	NaN	NaN	3
NaN	NaN	NaN	NaN	NaN	NaN	NaN	NaN	NaN	NaN	3
985592000	302000	6220.733	68.36363636	0	5426000000	836286995	NaN	NaN	NaN	1
NaN	NaN	NaN	NaN	NaN	NaN	NaN	NaN	NaN	NaN	3
NaN	NaN	NaN	NaN	NaN	NaN	NaN	NaN	NaN	NaN	1
85656000	5024000	NaN	94.47513812	NaN	NaN	223721113	NaN	NaN	NaN	0
2812000	62000	NaN	100	NaN	NaN	21586914	NaN	NaN	NaN	2
8712195000	0	112488.216	76.49249416	9090000000	67256000000	6326669601	NaN	NaN	NaN	2
NaN	NaN	NaN	NaN	NaN	NaN	NaN	NaN	NaN	NaN	1
NaN	NaN	NaN	NaN	NaN	NaN	NaN	NaN	NaN	NaN	2
24845000	3486000	NaN	97.14285714	NaN	NaN	43696188.29	NaN	NaN	NaN	0
NaN	NaN	649.976	72.49544627	0	593000000	1555887508	15.13533	NaN	NaN	3
42078000	4964000	10637.574	41.0507569	954000000	300000000	180489370	NaN	NaN	NaN	0
NaN	NaN	NaN	NaN	NaN	NaN	NaN	NaN	NaN	NaN	2
NaN	NaN	3791.584	23.18153068	0	253000000	NaN	NaN	NaN	NaN	1
NaN	NaN	NaN	NaN	NaN	NaN	NaN	NaN	NaN	NaN	3
36313000	1036000	6162.15	79.71014493	0	74000000	173596742.8	NaN	NaN	NaN	0
44399000	1214000	NaN	98.18388195	NaN	NaN	60285160	NaN	NaN	NaN	0
53308000	136000	NaN	87.12446352	NaN	NaN	463214001	NaN	NaN	NaN	2
40901000	4414000	NaN	85.81081081	NaN	NaN	150839685.3	NaN	NaN	NaN	0
1634653000	0	18453.468	71.31576689	3761000000	9668000000	7490587819	42.85248	NaN	NaN	2
NaN	NaN	NaN	NaN	NaN	NaN	NaN	NaN	NaN	NaN	2
79930000	2826000	NaN	57.03703704	NaN	NaN	236653818	NaN	NaN	NaN	0
1518410000	247000	66797.907	46.96003732	5395000000	2240000000	932989777	70.80219	NaN	NaN	1
11507000	0	1930.221	97.78129952	0	611000000	166098000	NaN	NaN	NaN	1
NaN	NaN	63779.85	36.72374201	36428000000	3796000000	34102038582	15.13533	NaN	NaN	3
NaN	NaN	20235.823	70.56566542	0	373000000	13753484063	6.022228	NaN	NaN	3
22831000	4602000	5490.632	65.31365314	0	22000000	282826502	NaN	NaN	NaN	0
NaN	NaN	11849.13	44.87474806	4556000000	13000000	2845129980	NaN	NaN	NaN	3
NaN	NaN	2208.968	35.31317495	3058000000	715000000	1172670922	NaN	NaN	NaN	3
679832000	16790000	38791.115	46.98582677	10440000000	5680000000	1192694280	NaN	NaN	NaN	1
12912000	0	1549.119	89.69616909	0	292000000	72213457	NaN	NaN	NaN	2
219047000	0	10881.513	84.59179203	314000000	2679000000	1213348000	NaN	NaN	NaN	2
1997820000	752000	26593.306	79.81744422	0	10472000000	2168908351	76.41355	NaN	NaN	1
NaN	NaN	NaN	100	NaN	NaN	NaN	NaN	NaN	NaN	2
177286000	945000	NaN	99.83333333	NaN	NaN	419338062.3	NaN	NaN	NaN	1
NaN	NaN	132271.852	8.908147576	97000000	1626000000	2248959113	15.13533	NaN	NaN	3
NaN	NaN	NaN	NaN	NaN	NaN	NaN	NaN	NaN	NaN	3
NaN	NaN	34733.769	NaN	0	1232000000	NaN	NaN	NaN	NaN	0
NaN	NaN	13021.336	67.82533131	0	3502000000	11719331879	15.13533	NaN	NaN	3
132993000	345000	2943.197	92.84552846	0	25000000	337995248	NaN	NaN	NaN	1
NaN	NaN	NaN	100	NaN	NaN	NaN	NaN	NaN	NaN	3
NaN	NaN	6175.271	18.87488472	4592000000	0	835680914	NaN	NaN	NaN	3
362822000	0	69949.676	26.43515726	25991000000	6699000000	1374492621	15.13533	NaN	NaN	2
NaN	NaN	NaN	NaN	NaN	NaN	NaN	NaN	NaN	NaN	2
10705000	2495000	NaN	95.78947368	NaN	NaN	118334033.4	NaN	NaN	NaN	0
NaN	NaN	62875.506	66.59123414	30381000000	31203000000	22438243829	NaN	NaN	NaN	3
120723000	6658000	10045.866	98.56278366	0	486000000	12113457	NaN	NaN	NaN	1
159692000	4472000	1655.045	92.37967914	26000000	822000000	22360225.95	NaN	NaN	NaN	1
NaN	NaN	8414.449	97.664026	0	13113000000	17072513416	NaN	NaN	NaN	3
7811000	0	NaN	100	NaN	NaN	7426914	NaN	NaN	NaN	0
78438000	185000	2374.289	87.38872404	0	249000000	354102757	NaN	NaN	NaN	1
NaN	NaN	NaN	NaN	NaN	NaN	NaN	NaN	NaN	NaN	3
3339000	2527000	NaN	97.45454545	NaN	NaN	23187520.7	NaN	NaN	NaN	0
1892836000	0	NaN	NaN	NaN	NaN	NaN	NaN	NaN	NaN	2
NaN	NaN	NaN	NaN	NaN	NaN	NaN	NaN	NaN	NaN	1
NaN	NaN	NaN	98.6328125	NaN	NaN	34745300.69	NaN	NaN	NaN	2
NaN	NaN	21568.11	NaN	389000000	1132000000	NaN	15.13533	NaN	NaN	3
NaN	NaN	NaN	NaN	NaN	NaN	NaN	15.13533	NaN	NaN	3
NaN	NaN	49390.735	77.54229173	141000000	2018000000	10981553871	15.13533	NaN	NaN	3
13340000	53000	NaN	0	NaN	NaN	140008668	NaN	NaN	NaN	1
7630000	0	NaN	100	NaN	NaN	8707285	NaN	NaN	NaN	2
98924000	0	9265.178	81.34987593	1017000000	5781000000	534765164	NaN	NaN	NaN	1
NaN	NaN	NaN	NaN	NaN	NaN	NaN	NaN	NaN	NaN	3
4187000	686000	NaN	100	NaN	NaN	67636545.36	NaN	NaN	NaN	0
79167000	2467000	1162.983	76.38888889	0	43000000	237230388.6	NaN	NaN	NaN	0
1539451000	840000	32127.239	63.67119089	18720000000	3166000000	7112347343	NaN	NaN	NaN	2
NaN	NaN	NaN	NaN	NaN	NaN	NaN	NaN	NaN	NaN	0
NaN	NaN	NaN	NaN	NaN	NaN	NaN	NaN	NaN	NaN	2
406000	11000	NaN	100	NaN	NaN	30509474	NaN	NaN	NaN	1
NaN	NaN	5475.236	18.3730067	3455000000	3000000	149225932	NaN	NaN	NaN	3
408626000	588000	4378.548	67.8729038	2757000000	2396000000	975873233.5	NaN	NaN	NaN	2
3195291000	1458000	47314.568	46.65118305	3240000000	3304000000	3912434534	NaN	NaN	NaN	2
NaN	NaN	NaN	NaN	NaN	NaN	NaN	NaN	NaN	NaN	2
76311000	6792000	9310.802	95.51282051	0	126000000	77713457	NaN	NaN	NaN	0
43357000	4857000	NaN	99.1416309	NaN	NaN	49300000	NaN	NaN	NaN	0
NaN	NaN	NaN	NaN	NaN	NaN	NaN	NaN	NaN	NaN	1
353778000	0	2348.933	95.42334096	0	1518000000	1602322591	NaN	NaN	NaN	2
NaN	NaN	1919309.241	44.54836699	2.70497E+11	1.59323E+11	1.44177E+11	NaN	NaN	NaN	3
NaN	NaN	NaN	NaN	NaN	NaN	NaN	NaN	NaN	NaN	1
1591000	37000	NaN	100	NaN	NaN	21820000	NaN	NaN	NaN	2
3122839000	0	39840.116	52.87428932	16651000000	7391000000	7793016077	NaN	NaN	NaN	2
2089000	448000	23970.821	34.35621639	64000000	1490000000	NaN	NaN	NaN	NaN	1
1671000	21000	NaN	100	NaN	NaN	40670287	NaN	NaN	NaN	1
NaN	NaN	NaN	NaN	NaN	NaN	NaN	NaN	NaN	NaN	1
1669000	134000	NaN	100	NaN	NaN	49196965	NaN	NaN	NaN	1
116110000	4631000	2376.863	96.63993891	0	1318000000	NaN	NaN	NaN	NaN	1
NaN	0	99442.166	13.09325295	0	51000000	2203670974	14.43299	NaN	NaN	2
181294000	7495000	10954.708	70.71167883	0	144000000	371552500	NaN	NaN	NaN	0
77206000	39000	5421.385	49.47491249	0	44000000	139360164	NaN	NaN	NaN	1
177848000	464000	8657.473	14.30198133	0	0	340678143	NaN	NaN	NaN	0
