Interest payments on external debt, total (INT, current US$)	PPG, IDA (INT, current US$)	Energy use (kt of oil equivalent)	CO2 emissions from liquid fuel consumption (% of total)	Electricity production from natural gas sources (kWh)	Electricity production from oil sources (kWh)	Total reserves (includes gold, current US$)	Share of tariff lines with international peaks, primary products (%)	Binding coverage, all products (%)	Binding coverage, primary products (%)	Income
NaN	NaN	NaN	100	NaN	NaN	215915000	NaN	NaN	NaN	3
NaN	NaN	NaN	NaN	NaN	NaN	NaN	NaN	NaN	NaN	3
NaN	NaN	NaN	67.22222222	NaN	NaN	NaN	NaN	NaN	NaN	0
105837000	199000	6359.436	33.36475024	0	60000000	NaN	NaN	NaN	NaN	2
10199000	237000	1409.969	83.46007605	0	133000000	223594867.8	NaN	NaN	NaN	1
NaN	NaN	25981.412	39.09141052	22855000000	881000000	6963510096	NaN	NaN	NaN	3
3838546000	0	53436.2	54.52761758	20223000000	4557000000	16003266606	NaN	NaN	NaN	2
4440000	6000	1365.563	40.42027194	1508000000	636000000	36108083.16	NaN	NaN	NaN	1
NaN	NaN	NaN	NaN	NaN	NaN	NaN	NaN	NaN	NaN	2
NaN	NaN	NaN	100	NaN	NaN	45808258.37	NaN	NaN	NaN	2
NaN	NaN	91258.345	28.85510918	12199000000	2320000000	14313164697	NaN	NaN	NaN	3
NaN	NaN	25541.197	52.50891493	8656000000	2605000000	23852062387	17.62777	NaN	NaN	3
350000	0	15922.225	60.07094653	3219000000	12523000000	2034228.5	NaN	NaN	NaN	2
13069000	4086000	NaN	95.69892473	NaN	NaN	211303517.6	NaN	NaN	NaN	0
NaN	NaN	52858.189	46.99181203	8275000000	1618000000	23474025971	17.62777	NaN	NaN	3
19793000	3338000	1807.371	81.73913043	0	52000000	262494130.8	NaN	NaN	NaN	0
176913000	38330000	14611.203	38.21766866	8281000000	656000000	3174800894	98.81064	NaN	NaN	0
169475000	0	21264.139	31.70059094	2556000000	1626000000	1396927258	17.62777	NaN	NaN	2
NaN	NaN	4948.05	18.87019231	4550000000	0	1227157720	NaN	NaN	NaN	3
NaN	0	1472.035	47.47474747	0	36000000	NaN	NaN	NaN	NaN	2
31073000	0	26751.137	47.58275382	22608000000	8770000000	100987552.7	NaN	NaN	NaN	2
8141000	0	NaN	100	NaN	NaN	34521500	NaN	NaN	NaN	1
NaN	NaN	NaN	100	NaN	NaN	NaN	NaN	NaN	NaN	3
159826000	4412000	3307.087	49.77356937	1407000000	57000000	793388751.8	0	NaN	NaN	1
6197692000	0	155784.689	72.79968502	479000000	6384000000	38491777749	27.72261	NaN	NaN	2
NaN	NaN	NaN	89.21568627	NaN	NaN	195765859.6	NaN	NaN	NaN	3
NaN	NaN	1941.648	38.23728814	1649000000	14000000	NaN	NaN	NaN	NaN	3
2434000	149000	NaN	43.10344828	NaN	NaN	121400000	NaN	NaN	NaN	1
30461000	91000	1461.158	30.92998955	0	30000000	4401465717	NaN	NaN	NaN	2
10705000	2784000	NaN	100	NaN	NaN	214276442.2	NaN	NaN	NaN	0
NaN	NaN	228088.131	48.99105219	15437000000	9416000000	13774518646	NaN	NaN	NaN	3
NaN	NaN	24409.74	82.06737996	628000000	308000000	66645255447	NaN	NaN	NaN	3
NaN	NaN	NaN	NaN	NaN	NaN	NaN	NaN	NaN	NaN	3
1141081000	89000	16611.089	63.85641213	300000000	1512000000	13801961382	0	NaN	NaN	2
4791933000	41396000	980275.396	13.8661135	3146000000	46906000000	57781339993	63.63066	NaN	NaN	2
180878000	1914000	5401.824	93.65994236	0	32000000	13740920.53	57.26837	NaN	NaN	1
1677833000	91000	27965.243	58.59336843	4947000000	418000000	8102672937	24.47803	NaN	NaN	2
804000	310000	NaN	100	NaN	NaN	44412094.13	NaN	NaN	NaN	0
3241000	176000	NaN	100	NaN	NaN	42078709.3	NaN	NaN	NaN	1
216827000	21000	2311.631	91.09255393	0	826000000	906223479.3	NaN	NaN	NaN	2
NaN	NaN	12206.658	97.63124929	41000000	10978000000	NaN	NaN	NaN	NaN	2
NaN	NaN	NaN	100	NaN	NaN	NaN	NaN	NaN	NaN	3
NaN	NaN	1970.178	89.71608833	0	2685000000	1640273817	17.62777	NaN	NaN	3
NaN	NaN	40911.383	16.76574481	386000000	491000000	6948563350	17.62777	NaN	NaN	3
NaN	NaN	333434.997	41.28601575	40251000000	8774000000	1.13841E+11	17.62777	NaN	NaN	3
2383000	83000	NaN	100	NaN	NaN	15414832.08	NaN	NaN	NaN	2
NaN	NaN	19572.733	39.84899329	2280000000	3033000000	9680247574	17.62777	NaN	NaN	3
209538000	139000	5629.193	92.79722303	0	4922000000	259100080.8	NaN	NaN	NaN	2
1563624000	0	23255.036	35.29386784	18968000000	749000000	4813488071	NaN	NaN	NaN	2
483128000	213000	6228.284	78.03172896	0	1579000000	2002942838	27.05538	NaN	NaN	2
1287111000	7018000	33254.118	62.60906942	30245000000	8088000000	14412967954	NaN	NaN	NaN	1
0	0	950.086	88	0	161000000	NaN	NaN	NaN	NaN	0
NaN	NaN	96353.319	59.28596052	3229000000	10509000000	47531544162	17.62777	NaN	NaN	3
NaN	NaN	5363.233	25.1129888	220000000	130000000	446418562	17.62777	NaN	NaN	3
44179000	9541000	15882.282	92.30769231	0	97000000	587541828.1	NaN	NaN	NaN	0
NaN	NaN	30390.345	44.87100358	6430000000	1711000000	11429609311	17.62777	NaN	NaN	3
NaN	NaN	227499.967	63.97689376	3625000000	5617000000	57627253508	17.62777	NaN	NaN	3
NaN	NaN	NaN	100	NaN	NaN	NaN	NaN	NaN	NaN	3
148840000	0	1251.545	52.84463895	240000000	71000000	180108558.3	NaN	NaN	NaN	2
NaN	NaN	215788.27	39.63692656	53258000000	14837000000	48079036671	17.62777	NaN	NaN	3
4778000	0	4717.346	18.38456902	3764000000	488000000	NaN	NaN	NaN	NaN	1
110098000	14396000	6182.669	86.62328272	0	28000000	689267705.2	NaN	NaN	NaN	1
43042000	5665000	NaN	89.85074627	NaN	NaN	87847092.3	NaN	NaN	NaN	0
7597000	1091000	NaN	100	NaN	NaN	98016035.66	NaN	NaN	NaN	0
3895000	1369000	NaN	100	NaN	NaN	18426348.25	NaN	NaN	NaN	0
NaN	NaN	NaN	100	NaN	NaN	390332.7969	NaN	NaN	NaN	3
NaN	NaN	22479.276	49.27000468	80000000	8011000000	15809339960	17.62777	NaN	NaN	3
3036000	53000	NaN	100	NaN	NaN	31231150.28	NaN	NaN	NaN	2
NaN	NaN	NaN	100	NaN	NaN	NaN	NaN	NaN	NaN	3
120490000	0	5066.334	90.9383378	0	1084000000	943368783.1	NaN	NaN	NaN	1
NaN	NaN	NaN	NaN	NaN	NaN	NaN	NaN	NaN	NaN	3
36549000	1272000	NaN	100	NaN	NaN	247126598.3	NaN	NaN	NaN	1
NaN	NaN	10728.598	42.37545211	0	535000000	49277061000	NaN	NaN	NaN	3
194543000	1689000	2656.158	90.76923077	0	518000000	179216200.5	NaN	NaN	NaN	1
NaN	NaN	6874.049	63.1029987	1839000000	1399000000	1404995150	NaN	NaN	NaN	3
1056000	0	1436.45	100	0	48000000	58174904.07	NaN	NaN	NaN	0
NaN	NaN	24935.54	35.54783707	4834000000	5523000000	6777626276	17.62777	NaN	NaN	3
5315332000	5937000	121908.024	51.29016231	18716000000	11796000000	13321137323	NaN	NaN	NaN	1
NaN	NaN	NaN	NaN	NaN	NaN	NaN	NaN	NaN	NaN	3
4602834000	121192000	364050.277	23.02125332	21882000000	10559000000	24220928978	NaN	NaN	NaN	1
NaN	NaN	10575.788	47.190129	4456000000	2836000000	6252748807	17.62777	NaN	NaN	3
905130000	0	90518.03	62.95737924	43978000000	30455000000	NaN	NaN	NaN	NaN	2
NaN	NaN	24925.302	90.42755925	0	27440000000	8332888000	NaN	NaN	NaN	1
NaN	NaN	2183.616	85.2189781	0	5000000	311693252.9	NaN	NaN	NaN	3
NaN	NaN	14796.334	60.20233463	0	11175000000	6795646822	NaN	NaN	NaN	3
NaN	NaN	146569.148	63.01090767	40804000000	1.16312E+11	57817133540	17.62777	NaN	NaN	3
210444000	0	3019.553	95.79439252	0	4555000000	735930635	NaN	NaN	NaN	2
248040000	555000	4026.012	81.845078	773000000	4288000000	1996868733	NaN	NaN	NaN	2
NaN	NaN	483286.73	59.20849222	1.91675E+11	1.48422E+11	1.35146E+11	21.32457	NaN	NaN	3
45844000	0	57898.773	23.50508263	5350000000	4768000000	1216176078	NaN	NaN	NaN	2
329328000	12561000	11836.825	84.50782998	0	210000000	588142037.6	72.36467	NaN	NaN	0
16372000	248000	2794.245	14.76104053	680000000	0	26186044.88	NaN	NaN	NaN	0
1932000	153000	NaN	90.47619048	NaN	NaN	118495188.4	NaN	NaN	NaN	0
NaN	NaN	NaN	100	NaN	NaN	NaN	NaN	NaN	NaN	1
NaN	NaN	132093.153	58.42051393	18427000000	40380000000	25763880665	NaN	NaN	NaN	3
NaN	NaN	NaN	NaN	NaN	NaN	NaN	NaN	NaN	NaN	1
NaN	NaN	14502.075	53.3808966	12548000000	10254000000	4473770158	NaN	NaN	NaN	3
4843000	1686000	NaN	97.56097561	NaN	NaN	67495888.01	NaN	NaN	NaN	1
89298000	0	3846.455	84.17266187	0	4367000000	7418500763	NaN	NaN	NaN	2
199000	0	NaN	100	NaN	NaN	5069083.099	NaN	NaN	NaN	0
NaN	NaN	14982.013	64.59355291	0	11689000000	7348447115	NaN	NaN	NaN	2
5036000	40000	NaN	100	NaN	NaN	57790727.37	NaN	NaN	NaN	2
NaN	NaN	NaN	NaN	NaN	NaN	NaN	NaN	NaN	NaN	3
154549000	9534000	5817.112	91.3220339	0	298000000	2069716975	50.39501	NaN	NaN	1
11354000	1048000	NaN	NaN	NaN	NaN	372621143.7	NaN	NaN	NaN	1
32455000	0	8081.882	67.25813266	331000000	1244000000	596691631.7	17.62777	NaN	NaN	2
NaN	NaN	3591.055	51.99138859	50000000	15000000	192791239.5	17.62777	NaN	NaN	3
16024000	0	4774.193	67.97917345	312000000	745000000	640693740.8	17.62777	NaN	NaN	2
NaN	NaN	NaN	100	NaN	NaN	1966349230	NaN	NaN	NaN	3
NaN	NaN	NaN	NaN	NaN	NaN	NaN	NaN	NaN	NaN	3
1392762000	268000	8697.791	69.21934925	0	7692000000	4621504529	NaN	NaN	NaN	1
NaN	NaN	NaN	NaN	NaN	NaN	NaN	NaN	NaN	NaN	3
8609000	0	4762.26	27.66151046	3885000000	465000000	179920380.7	NaN	NaN	NaN	1
22141000	7230000	NaN	96.37883008	NaN	NaN	71640029.09	NaN	NaN	NaN	0
3100000	202000	NaN	100	NaN	NaN	31220397.8	NaN	NaN	NaN	2
8977823000	0	134258.935	74.0898881	23406000000	77260000000	6441390824	NaN	NaN	NaN	2
NaN	NaN	NaN	100	NaN	NaN	NaN	NaN	NaN	NaN	1
35012000	103000	2474.711	22.13660245	0	36000000	166364466.4	NaN	NaN	NaN	2
25447000	5821000	NaN	98.41269841	NaN	NaN	228624487.3	NaN	NaN	NaN	0
NaN	NaN	770.711	74.48275862	0	1182000000	1890025826	17.62777	NaN	NaN	3
121028000	5888000	11380.961	55.3141515	1813000000	162000000	518318938	NaN	NaN	NaN	0
NaN	NaN	NaN	NaN	NaN	NaN	NaN	NaN	NaN	NaN	2
10915000	261000	2710.748	13.95670198	0	152000000	94180777.76	NaN	NaN	NaN	1
NaN	NaN	NaN	NaN	NaN	NaN	NaN	NaN	NaN	NaN	3
56230000	4229000	6150.552	82.19178082	1000000	28000000	177505721	0	NaN	NaN	0
42209000	2069000	NaN	93.42723005	NaN	NaN	44081264.05	NaN	NaN	NaN	0
45360000	147000	NaN	94.35665914	NaN	NaN	771186143.7	NaN	NaN	NaN	2
26724000	8339000	NaN	85.20408163	NaN	NaN	47716467.83	65.2018	NaN	NaN	0
1431543000	0	31706.709	58.7159184	19850000000	9508000000	26338866593	NaN	NaN	NaN	2
NaN	NaN	839.767	62.5	0	21000000	202621731.3	NaN	NaN	NaN	2
17910000	4550000	NaN	60.92436975	NaN	NaN	114517448.8	NaN	NaN	NaN	0
1125227000	1000000	76603.782	74.39484439	8259000000	1710000000	1649172399	NaN	NaN	NaN	1
104278000	1563000	2258.457	93.97417504	0	900000000	145990233.9	NaN	NaN	NaN	1
NaN	NaN	69368.426	35.8304322	43389000000	3081000000	47858724575	17.62777	NaN	NaN	3
NaN	NaN	22967.272	62.71313942	154000000	0	19479288343	NaN	NaN	NaN	3
31913000	6561000	6506.852	72.57019438	0	81000000	752158932.8	NaN	NaN	NaN	0
NaN	NaN	14572.902	46.56033287	5475000000	21000000	3708505999	NaN	NaN	NaN	3
NaN	NaN	6153.287	35.18251681	5010000000	1188000000	1756912667	NaN	NaN	NaN	3
993722000	20646000	51318.557	50.70885201	14394000000	15752000000	3715827397	NaN	NaN	NaN	1
216879000	0	1927.253	88.19018405	0	942000000	704267861.8	NaN	NaN	NaN	2
542629000	0	10269.725	81.81531176	59000000	2936000000	7420192725	NaN	NaN	NaN	2
2124961000	1260000	32369.158	81.03616813	12000000	16929000000	7146366699	64.18568	NaN	NaN	1
NaN	NaN	NaN	100	NaN	NaN	NaN	NaN	NaN	NaN	2
156709000	825000	NaN	92.26890756	NaN	NaN	120208371.3	NaN	NaN	NaN	1
NaN	NaN	96196.369	11.99057509	147000000	1686000000	6023061884	17.62777	NaN	NaN	3
NaN	NaN	NaN	NaN	NaN	NaN	NaN	NaN	NaN	NaN	3
NaN	NaN	23308.64	NaN	0	32000000	NaN	NaN	NaN	NaN	0
NaN	NaN	18230.666	65.86209489	0	8048000000	21670533769	17.62777	NaN	NaN	3
95838000	283000	3585.267	90.56603774	0	6000000	1044122626	7.907348	NaN	NaN	1
NaN	NaN	NaN	100	NaN	NaN	NaN	NaN	NaN	NaN	3
NaN	NaN	7581.797	13.40694006	5815000000	0	969736759.9	NaN	NaN	NaN	3
233268000	0	42821.533	31.79820431	16566000000	5786000000	3092362957	17.62777	NaN	NaN	2
1288810000	0	656963.742	27.64979176	3.64316E+11	72045000000	7206227235	14.30807	NaN	NaN	2
2692000	566000	NaN	98.81656805	NaN	NaN	51249271.14	NaN	NaN	NaN	0
NaN	NaN	86513.236	57.07978183	44709000000	49213000000	9138920935	6.927016	NaN	NaN	3
572000	6000	11934.451	98.18481848	0	737000000	78155912.55	NaN	NaN	NaN	1
80699000	7677000	1760.918	90.22556391	69000000	956000000	190728398.4	NaN	NaN	NaN	1
NaN	NaN	21885.889	92.52776843	6490000000	14359000000	58295759332	NaN	NaN	NaN	3
63275000	1111000	NaN	91.19496855	NaN	NaN	40639728.37	NaN	NaN	NaN	0
94552000	161000	3159.862	90.39735099	0	1292000000	829222307	NaN	NaN	NaN	1
NaN	NaN	NaN	NaN	NaN	NaN	176306364.7	NaN	NaN	NaN	3
42000	0	NaN	0	NaN	NaN	NaN	NaN	NaN	NaN	0
46878000	0	11657.886	9.488354334	308000000	238000000	NaN	NaN	NaN	NaN	2
NaN	NaN	NaN	NaN	NaN	NaN	NaN	NaN	NaN	NaN	1
NaN	NaN	NaN	98.6440678	NaN	NaN	60427797.55	NaN	NaN	NaN	2
NaN	NaN	17432.417	22.60087241	2186000000	958000000	2185568839	17.62777	NaN	NaN	3
NaN	NaN	5625.99	38.46905537	2000000	271000000	1499101326	17.62777	NaN	NaN	3
NaN	NaN	49699.958	76.82910981	722000000	4130000000	25579505594	17.62777	NaN	NaN	3
5467000	49000	NaN	0	NaN	NaN	296970666.5	NaN	NaN	NaN	1
6933000	0	NaN	100	NaN	NaN	30154869.7	NaN	NaN	NaN	2
279453000	0	11439.296	71.60559124	4181000000	8449000000	445255185.7	NaN	NaN	NaN	1
NaN	NaN	NaN	NaN	NaN	NaN	NaN	NaN	NaN	NaN	3
6267000	2531000	NaN	100	NaN	NaN	80278306.25	NaN	NaN	NaN	0
9884000	3957000	1488.085	82.81938326	0	99000000	99204581.98	NaN	NaN	NaN	0
2710319000	784000	55077.412	57.63964507	31410000000	21121000000	30280317330	NaN	NaN	NaN	2
400000	0	2478.647	27.88161994	291000000	0	NaN	NaN	NaN	NaN	0
27942000	0	13527.439	26.18030452	10492000000	0	929007299.3	NaN	NaN	NaN	2
589000	28000	NaN	100	NaN	NaN	35538625.32	NaN	NaN	NaN	1
NaN	NaN	6280.153	23.99335057	4037000000	0	373083170.3	NaN	NaN	NaN	3
528906000	399000	5731.042	60.75454336	5273000000	1735000000	1544397774	NaN	NaN	NaN	2
3978443000	1052000	56199.772	45.55064081	13822000000	5548000000	8633212584	NaN	NaN	NaN	2
NaN	NaN	NaN	NaN	NaN	NaN	NaN	NaN	NaN	NaN	2
67049000	14192000	10519.404	87.55622189	0	217000000	332066167.2	NaN	NaN	NaN	0
37960000	10642000	NaN	97.53694581	NaN	NaN	321367629.5	45.49059	NaN	NaN	0
95820000	0	165770.232	14.56673858	34260000000	10399000000	664538989.4	NaN	NaN	NaN	1
303902000	0	2404.88	91.34355275	0	92000000	1621668177	NaN	NaN	NaN	2
NaN	NaN	2041105.156	41.95763625	4.92096E+11	1.20517E+11	1.63591E+11	NaN	NaN	NaN	3
41337000	0	46493.309	21.89658021	35118000000	1554000000	NaN	NaN	NaN	NaN	1
3784000	57000	NaN	100	NaN	NaN	31254261.88	NaN	NaN	NaN	2
2114499000	0	54404.99	48.84725005	17468000000	2469000000	12459341731	NaN	NaN	NaN	2
95753000	564000	28253.715	49.58873554	4000000	1970000000	NaN	43.6142	NaN	NaN	1
763000	90000	NaN	100	NaN	NaN	43576135.13	NaN	NaN	NaN	1
NaN	NaN	NaN	NaN	NaN	NaN	NaN	NaN	NaN	NaN	1
1423000	302000	NaN	100	NaN	NaN	50800691.52	NaN	NaN	NaN	1
48026000	5801000	3019.338	96.48387097	0	2160000000	273977740.7	NaN	NaN	NaN	1
907029000	0	103956.832	14.49004403	0	289000000	3294868537	NaN	NaN	NaN	2
10908000	0	12525.18	62.72189349	0	18000000	131421000	NaN	NaN	NaN	0
168919000	6368000	5729.557	59.54545455	0	30000000	268127772.2	NaN	NaN	NaN	1
221592000	2001000	9666.072	20.09559435	0	0	585403254.3	NaN	NaN	NaN	0
